2.910000000000000000e+02 1.870000000000000000e+02 5.503946685791015625e+01 0.000000000000000000e+00 1.554858754388988018e-03 3.100000000000000000e+01
2.420000000000000000e+02 5.450000000000000000e+02 3.129214477539062500e+02 0.000000000000000000e+00 1.578361145220696926e-03 3.100000000000000000e+01
2.410000000000000000e+02 1.070000000000000000e+02 2.335891418457031250e+02 0.000000000000000000e+00 1.650179852731525898e-03 3.100000000000000000e+01
1.300000000000000000e+02 2.890000000000000000e+02 1.409279632568359375e+02 0.000000000000000000e+00 1.991341821849346161e-03 3.100000000000000000e+01
1.310000000000000000e+02 2.710000000000000000e+02 3.690285873413085938e+01 0.000000000000000000e+00 4.656102042645215988e-03 3.100000000000000000e+01
2.030000000000000000e+02 3.590000000000000000e+02 1.718084526062011719e+01 0.000000000000000000e+00 3.004838479682803154e-03 3.100000000000000000e+01
2.430000000000000000e+02 1.430000000000000000e+02 4.798189163208007812e+00 0.000000000000000000e+00 1.618884387426078320e-03 3.100000000000000000e+01
1.350000000000000000e+02 2.710000000000000000e+02 2.267349052429199219e+01 0.000000000000000000e+00 5.476893391460180283e-03 3.100000000000000000e+01
1.350000000000000000e+02 2.890000000000000000e+02 1.588177795410156250e+02 0.000000000000000000e+00 1.732321921736001968e-03 3.100000000000000000e+01
3.260000000000000000e+02 1.070000000000000000e+02 3.118583679199218750e+02 0.000000000000000000e+00 1.638440997339785099e-03 3.100000000000000000e+01
2.040000000000000000e+02 2.560000000000000000e+02 3.474103698730468750e+02 0.000000000000000000e+00 5.566647276282310486e-03 3.100000000000000000e+01
1.370000000000000000e+02 2.690000000000000000e+02 1.217808914184570312e+01 0.000000000000000000e+00 4.078652709722518921e-03 3.100000000000000000e+01
1.370000000000000000e+02 2.910000000000000000e+02 1.684033355712890625e+02 0.000000000000000000e+00 1.592496526427567005e-03 3.100000000000000000e+01
2.020000000000000000e+02 2.560000000000000000e+02 3.542238159179687500e+02 0.000000000000000000e+00 4.156682640314102173e-03 3.100000000000000000e+01
1.410000000000000000e+02 2.690000000000000000e+02 8.976532936096191406e+00 0.000000000000000000e+00 4.165096674114465714e-03 3.100000000000000000e+01
1.430000000000000000e+02 2.700000000000000000e+02 1.532933425903320312e+01 0.000000000000000000e+00 5.118227563798427582e-03 3.100000000000000000e+01
2.120000000000000000e+02 4.020000000000000000e+02 1.779817962646484375e+02 0.000000000000000000e+00 2.730902750045061111e-03 3.100000000000000000e+01
1.430000000000000000e+02 2.910000000000000000e+02 1.635002441406250000e+02 0.000000000000000000e+00 2.294504083693027496e-03 3.100000000000000000e+01
1.450000000000000000e+02 2.720000000000000000e+02 1.970851135253906250e+01 0.000000000000000000e+00 4.981998819857835770e-03 3.100000000000000000e+01
1.450000000000000000e+02 2.890000000000000000e+02 1.602148132324218750e+02 0.000000000000000000e+00 2.739890478551387787e-03 3.100000000000000000e+01
1.480000000000000000e+02 2.720000000000000000e+02 2.607731819152832031e+01 0.000000000000000000e+00 5.135572049766778946e-03 3.100000000000000000e+01
1.490000000000000000e+02 2.890000000000000000e+02 1.523342590332031250e+02 0.000000000000000000e+00 2.008771058171987534e-03 3.100000000000000000e+01
1.520000000000000000e+02 2.720000000000000000e+02 3.075404357910156250e+01 0.000000000000000000e+00 8.078513666987419128e-03 3.100000000000000000e+01
1.530000000000000000e+02 2.880000000000000000e+02 1.494728698730468750e+02 0.000000000000000000e+00 3.144291928038001060e-03 3.100000000000000000e+01
1.530000000000000000e+02 3.730000000000000000e+02 7.849601745605468750e+01 0.000000000000000000e+00 3.016200382262468338e-03 3.100000000000000000e+01
2.050000000000000000e+02 3.050000000000000000e+02 1.895449676513671875e+02 0.000000000000000000e+00 2.380003919824957848e-03 3.100000000000000000e+01
1.540000000000000000e+02 3.710000000000000000e+02 6.943182373046875000e+01 0.000000000000000000e+00 4.016304388642311096e-03 3.100000000000000000e+01
3.140000000000000000e+02 6.200000000000000000e+01 2.142098617553710938e+01 0.000000000000000000e+00 1.723957946524024010e-03 3.100000000000000000e+01
1.540000000000000000e+02 3.820000000000000000e+02 1.177868804931640625e+02 0.000000000000000000e+00 1.708548748865723610e-03 3.100000000000000000e+01
1.560000000000000000e+02 3.700000000000000000e+02 6.319164276123046875e+01 0.000000000000000000e+00 4.122142679989337921e-03 3.100000000000000000e+01
1.560000000000000000e+02 3.830000000000000000e+02 1.244727783203125000e+02 0.000000000000000000e+00 1.731999567709863186e-03 3.100000000000000000e+01
2.170000000000000000e+02 2.650000000000000000e+02 3.461044311523437500e+01 0.000000000000000000e+00 2.942427294328808784e-03 3.100000000000000000e+01
1.590000000000000000e+02 2.540000000000000000e+02 2.230759239196777344e+01 0.000000000000000000e+00 5.210532341152429581e-03 3.100000000000000000e+01
1.590000000000000000e+02 3.070000000000000000e+02 1.569574127197265625e+02 0.000000000000000000e+00 3.006814047694206238e-03 3.100000000000000000e+01
1.590000000000000000e+02 3.690000000000000000e+02 5.305936050415039062e+01 0.000000000000000000e+00 2.390975831076502800e-03 3.100000000000000000e+01
2.440000000000000000e+02 2.580000000000000000e+02 3.497242431640625000e+02 0.000000000000000000e+00 3.452726406976580620e-03 3.100000000000000000e+01
2.440000000000000000e+02 3.950000000000000000e+02 1.943707580566406250e+02 0.000000000000000000e+00 1.679973909631371498e-03 3.100000000000000000e+01
2.450000000000000000e+02 3.150000000000000000e+02 3.593591308593750000e+02 0.000000000000000000e+00 2.891352633014321327e-03 3.100000000000000000e+01
2.480000000000000000e+02 2.560000000000000000e+02 3.480023803710937500e+02 0.000000000000000000e+00 2.376942895352840424e-03 3.100000000000000000e+01
2.480000000000000000e+02 3.140000000000000000e+02 3.551001892089843750e+02 0.000000000000000000e+00 1.765689579769968987e-03 3.100000000000000000e+01
1.680000000000000000e+02 3.930000000000000000e+02 1.506511993408203125e+02 0.000000000000000000e+00 1.940943649969995022e-03 3.100000000000000000e+01
1.690000000000000000e+02 3.590000000000000000e+02 2.208352851867675781e+01 0.000000000000000000e+00 6.321950349956750870e-03 3.100000000000000000e+01
1.700000000000000000e+02 3.550000000000000000e+02 1.658491134643554688e+01 0.000000000000000000e+00 6.202687509357929230e-03 3.100000000000000000e+01
2.480000000000000000e+02 3.410000000000000000e+02 1.867590637207031250e+02 0.000000000000000000e+00 2.091687172651290894e-03 3.100000000000000000e+01
1.700000000000000000e+02 4.000000000000000000e+02 1.629769744873046875e+02 0.000000000000000000e+00 3.675688523799180984e-03 3.100000000000000000e+01
2.110000000000000000e+02 3.520000000000000000e+02 3.517544555664062500e+02 0.000000000000000000e+00 5.085729993879795074e-03 3.100000000000000000e+01
2.500000000000000000e+02 2.540000000000000000e+02 3.477485656738281250e+02 0.000000000000000000e+00 4.207021556794643402e-03 3.100000000000000000e+01
1.730000000000000000e+02 3.530000000000000000e+02 5.089953899383544922e+00 0.000000000000000000e+00 3.290114691480994225e-03 3.100000000000000000e+01
1.770000000000000000e+02 9.100000000000000000e+01 8.176001739501953125e+01 0.000000000000000000e+00 2.684840932488441467e-03 3.100000000000000000e+01
2.000000000000000000e+02 3.610000000000000000e+02 2.674452400207519531e+01 0.000000000000000000e+00 2.867418108507990837e-03 3.100000000000000000e+01
1.770000000000000000e+02 9.500000000000000000e+01 9.952800750732421875e+01 0.000000000000000000e+00 1.812491565942764282e-03 3.100000000000000000e+01
1.780000000000000000e+02 8.900000000000000000e+01 7.225327301025390625e+01 0.000000000000000000e+00 3.002657089382410049e-03 3.100000000000000000e+01
2.510000000000000000e+02 3.120000000000000000e+02 3.525578308105468750e+02 0.000000000000000000e+00 3.848601831123232841e-03 3.100000000000000000e+01
1.780000000000000000e+02 5.530000000000000000e+02 8.423124694824218750e+01 0.000000000000000000e+00 2.424387959763407707e-03 3.100000000000000000e+01
2.180000000000000000e+02 3.930000000000000000e+02 1.802786560058593750e+02 0.000000000000000000e+00 2.628430491313338280e-03 3.100000000000000000e+01
2.350000000000000000e+02 1.380000000000000000e+02 2.933115539550781250e+02 0.000000000000000000e+00 2.418796066194772720e-03 3.100000000000000000e+01
1.790000000000000000e+02 5.510000000000000000e+02 7.494712829589843750e+01 0.000000000000000000e+00 2.780605340376496315e-03 3.100000000000000000e+01
1.980000000000000000e+02 3.610000000000000000e+02 2.466936302185058594e+01 0.000000000000000000e+00 1.937385532073676586e-03 3.100000000000000000e+01
2.510000000000000000e+02 3.990000000000000000e+02 1.906821594238281250e+02 0.000000000000000000e+00 3.556805197149515152e-03 3.100000000000000000e+01
2.930000000000000000e+02 2.390000000000000000e+02 9.219271850585937500e+01 0.000000000000000000e+00 1.723794732242822647e-03 3.100000000000000000e+01
1.810000000000000000e+02 5.500000000000000000e+02 6.954299926757812500e+01 0.000000000000000000e+00 2.732280408963561058e-03 3.100000000000000000e+01
1.980000000000000000e+02 2.610000000000000000e+02 6.376875877380371094e+00 0.000000000000000000e+00 3.354614833369851112e-03 3.100000000000000000e+01
1.830000000000000000e+02 8.700000000000000000e+01 5.797195053100585938e+01 0.000000000000000000e+00 2.959427190944552422e-03 3.100000000000000000e+01
1.830000000000000000e+02 9.800000000000000000e+01 1.184022598266601562e+02 0.000000000000000000e+00 1.669502235017716885e-03 3.100000000000000000e+01
2.930000000000000000e+02 1.880000000000000000e+02 5.001231765747070312e+01 0.000000000000000000e+00 1.699577085673809052e-03 3.100000000000000000e+01
1.840000000000000000e+02 5.490000000000000000e+02 6.235454559326171875e+01 0.000000000000000000e+00 2.676053671166300774e-03 3.100000000000000000e+01
2.520000000000000000e+02 2.540000000000000000e+02 3.476462097167968750e+02 0.000000000000000000e+00 4.812693223357200623e-03 3.100000000000000000e+01
2.190000000000000000e+02 2.370000000000000000e+02 1.971024169921875000e+02 0.000000000000000000e+00 1.555590657517313957e-03 3.100000000000000000e+01
2.930000000000000000e+02 7.100000000000000000e+01 5.295293426513671875e+01 0.000000000000000000e+00 1.691910438239574432e-03 3.100000000000000000e+01
2.910000000000000000e+02 4.800000000000000000e+02 3.649893569946289062e+01 0.000000000000000000e+00 2.442538272589445114e-03 3.100000000000000000e+01
2.910000000000000000e+02 3.460000000000000000e+02 8.487948608398437500e+01 0.000000000000000000e+00 1.925036543980240822e-03 3.100000000000000000e+01
2.550000000000000000e+02 3.460000000000000000e+02 1.904778442382812500e+02 0.000000000000000000e+00 2.563464222475886345e-03 3.100000000000000000e+01
1.870000000000000000e+02 2.660000000000000000e+02 1.850291442871093750e+01 0.000000000000000000e+00 2.819677582010626793e-03 3.100000000000000000e+01
2.350000000000000000e+02 7.600000000000000000e+01 3.501164245605468750e+02 0.000000000000000000e+00 1.715279999189078808e-03 3.100000000000000000e+01
2.280000000000000000e+02 1.130000000000000000e+02 1.075336608886718750e+02 0.000000000000000000e+00 2.342025283724069595e-03 3.100000000000000000e+01
2.090000000000000000e+02 2.650000000000000000e+02 3.408079833984375000e+02 0.000000000000000000e+00 1.975510967895388603e-03 3.100000000000000000e+01
2.190000000000000000e+02 4.170000000000000000e+02 3.370252075195312500e+02 0.000000000000000000e+00 1.934697385877370834e-03 3.100000000000000000e+01
2.870000000000000000e+02 4.190000000000000000e+02 4.204243087768554688e+01 0.000000000000000000e+00 1.735702622681856155e-03 3.100000000000000000e+01
1.890000000000000000e+02 2.650000000000000000e+02 2.271033287048339844e+01 0.000000000000000000e+00 2.259509405121207237e-03 3.100000000000000000e+01
2.080000000000000000e+02 2.970000000000000000e+02 1.993299255371093750e+02 0.000000000000000000e+00 2.181327668949961662e-03 3.100000000000000000e+01
2.250000000000000000e+02 5.430000000000000000e+02 1.876230239868164062e+01 0.000000000000000000e+00 4.366334993392229080e-03 3.100000000000000000e+01
1.900000000000000000e+02 1.520000000000000000e+02 9.607581329345703125e+01 0.000000000000000000e+00 2.261652145534753799e-03 3.100000000000000000e+01
2.270000000000000000e+02 5.430000000000000000e+02 1.231515502929687500e+01 0.000000000000000000e+00 2.908544614911079407e-03 3.100000000000000000e+01
1.900000000000000000e+02 1.570000000000000000e+02 1.076054763793945312e+02 0.000000000000000000e+00 3.702557412907481194e-03 3.100000000000000000e+01
1.950000000000000000e+02 2.620000000000000000e+02 1.622254180908203125e+01 0.000000000000000000e+00 2.790083177387714386e-03 3.100000000000000000e+01
2.560000000000000000e+02 2.600000000000000000e+02 3.483748474121093750e+02 0.000000000000000000e+00 2.149405889213085175e-03 3.100000000000000000e+01
1.950000000000000000e+02 1.310000000000000000e+02 4.102032470703125000e+01 0.000000000000000000e+00 2.724614692851901054e-03 3.100000000000000000e+01
1.900000000000000000e+02 4.630000000000000000e+02 1.312866058349609375e+02 0.000000000000000000e+00 2.378539647907018661e-03 3.100000000000000000e+01
1.940000000000000000e+02 4.940000000000000000e+02 6.983374023437500000e+01 0.000000000000000000e+00 2.376820426434278488e-03 3.100000000000000000e+01
2.260000000000000000e+02 8.200000000000000000e+01 1.396262550354003906e+01 0.000000000000000000e+00 2.193950116634368896e-03 3.100000000000000000e+01
2.560000000000000000e+02 3.950000000000000000e+02 1.886220550537109375e+02 0.000000000000000000e+00 2.074090531095862389e-03 3.100000000000000000e+01
1.910000000000000000e+02 1.910000000000000000e+02 4.610588836669921875e+01 0.000000000000000000e+00 4.142234101891517639e-03 3.100000000000000000e+01
1.910000000000000000e+02 2.360000000000000000e+02 1.336394958496093750e+02 0.000000000000000000e+00 3.402276895940303802e-03 3.100000000000000000e+01
2.570000000000000000e+02 3.120000000000000000e+02 3.473123474121093750e+02 0.000000000000000000e+00 3.709729528054594994e-03 3.100000000000000000e+01
2.590000000000000000e+02 3.440000000000000000e+02 1.902885589599609375e+02 0.000000000000000000e+00 1.721179811283946037e-03 3.100000000000000000e+01
1.910000000000000000e+02 4.180000000000000000e+02 4.471560668945312500e+01 0.000000000000000000e+00 4.355346318334341049e-03 3.100000000000000000e+01
2.600000000000000000e+02 3.170000000000000000e+02 3.436836547851562500e+02 0.000000000000000000e+00 2.404481638222932816e-03 3.100000000000000000e+01
1.280000000000000000e+02 2.760000000000000000e+02 6.992813873291015625e+01 0.000000000000000000e+00 2.187659963965415955e-03 3.100000000000000000e+01
1.910000000000000000e+02 4.970000000000000000e+02 7.838043975830078125e+01 0.000000000000000000e+00 3.803292056545615196e-03 3.100000000000000000e+01
1.920000000000000000e+02 2.650000000000000000e+02 2.752174949645996094e+01 0.000000000000000000e+00 2.766914200037717819e-03 3.100000000000000000e+01
2.270000000000000000e+02 5.400000000000000000e+02 1.339204883575439453e+01 0.000000000000000000e+00 2.456044778227806091e-03 3.100000000000000000e+01
2.610000000000000000e+02 3.400000000000000000e+02 1.908519744873046875e+02 0.000000000000000000e+00 2.700132550671696663e-03 3.100000000000000000e+01
1.930000000000000000e+02 1.600000000000000000e+02 1.173287124633789062e+02 0.000000000000000000e+00 2.198386471718549728e-03 3.100000000000000000e+01
2.070000000000000000e+02 3.560000000000000000e+02 3.716813087463378906e+00 0.000000000000000000e+00 3.039448987692594528e-03 3.100000000000000000e+01
1.900000000000000000e+02 1.550000000000000000e+02 1.029781341552734375e+02 0.000000000000000000e+00 1.526431762613356113e-03 3.100000000000000000e+01
2.780000000000000000e+02 5.390000000000000000e+02 5.377013778686523438e+01 0.000000000000000000e+00 1.542149344459176064e-03 3.100000000000000000e+01
2.170000000000000000e+02 3.610000000000000000e+02 3.228211059570312500e+02 0.000000000000000000e+00 1.542481477372348309e-03 3.100000000000000000e+01
3.000000000000000000e+02 4.110000000000000000e+02 3.650387191772460938e+01 0.000000000000000000e+00 1.524453167803585529e-03 3.100000000000000000e+01
2.190000000000000000e+02 1.900000000000000000e+02 3.302006530761718750e+02 0.000000000000000000e+00 1.518946723081171513e-03 3.100000000000000000e+01
1.980000152587890625e+02 2.604000244140625000e+02 1.361680030822753906e+00 1.000000000000000000e+00 2.449309919029474258e-03 3.720000076293945312e+01
1.260000076293945312e+02 2.796000061035156250e+02 9.118970489501953125e+01 1.000000000000000000e+00 3.774625482037663460e-03 3.720000076293945312e+01
2.028000030517578125e+02 2.556000061035156250e+02 3.556927490234375000e+02 1.000000000000000000e+00 5.646256729960441589e-03 3.720000076293945312e+01
1.308000030517578125e+02 2.712000122070312500e+02 4.245094299316406250e+01 1.000000000000000000e+00 2.776720561087131500e-03 3.720000076293945312e+01
2.580000000000000000e+02 3.120000000000000000e+02 3.516146850585937500e+02 1.000000000000000000e+00 2.613026881590485573e-03 3.720000076293945312e+01
1.344000091552734375e+02 2.700000000000000000e+02 2.648061943054199219e+01 1.000000000000000000e+00 2.879013074561953545e-03 3.720000076293945312e+01
2.568000183105468750e+02 3.456000061035156250e+02 1.905578460693359375e+02 1.000000000000000000e+00 3.198971971869468689e-03 3.720000076293945312e+01
2.508000030517578125e+02 3.984000244140625000e+02 1.914110717773437500e+02 1.000000000000000000e+00 3.270546672865748405e-03 3.720000076293945312e+01
1.380000000000000000e+02 2.688000183105468750e+02 1.816114807128906250e+01 1.000000000000000000e+00 2.688801148906350136e-03 3.720000076293945312e+01
2.508000030517578125e+02 3.108000183105468750e+02 3.509512939453125000e+02 1.000000000000000000e+00 2.620408311486244202e-03 3.720000076293945312e+01
1.404000091552734375e+02 2.688000183105468750e+02 2.227663803100585938e+01 1.000000000000000000e+00 4.111630376428365707e-03 3.720000076293945312e+01
2.508000030517578125e+02 2.544000091552734375e+02 3.483869934082031250e+02 1.000000000000000000e+00 5.438729189336299896e-03 3.720000076293945312e+01
1.452000122070312500e+02 2.712000122070312500e+02 2.749048805236816406e+01 1.000000000000000000e+00 4.164953250437974930e-03 3.720000076293945312e+01
1.908000030517578125e+02 4.176000061035156250e+02 4.571088027954101562e+01 1.000000000000000000e+00 3.736475715413689613e-03 3.720000076293945312e+01
1.488000030517578125e+02 2.712000122070312500e+02 3.308484268188476562e+01 1.000000000000000000e+00 2.992877038195729256e-03 3.720000076293945312e+01
1.908000030517578125e+02 2.352000122070312500e+02 1.325697784423828125e+02 1.000000000000000000e+00 3.115833504125475883e-03 3.720000076293945312e+01
1.524000091552734375e+02 2.712000122070312500e+02 3.959958648681640625e+01 1.000000000000000000e+00 5.872654262930154800e-03 3.720000076293945312e+01
1.524000091552734375e+02 2.892000122070312500e+02 1.410847015380859375e+02 1.000000000000000000e+00 3.263133112341165543e-03 3.720000076293945312e+01
1.908000030517578125e+02 1.908000030517578125e+02 4.717623138427734375e+01 1.000000000000000000e+00 3.423092188313603401e-03 3.720000076293945312e+01
1.548000030517578125e+02 3.708000183105468750e+02 7.214864349365234375e+01 1.000000000000000000e+00 4.694157280027866364e-03 3.720000076293945312e+01
1.908000030517578125e+02 1.572000122070312500e+02 1.088991928100585938e+02 1.000000000000000000e+00 2.781931078061461449e-03 3.720000076293945312e+01
2.448000030517578125e+02 3.144000244140625000e+02 3.535281066894531250e+02 1.000000000000000000e+00 2.899428829550743103e-03 3.720000076293945312e+01
1.596000061035156250e+02 2.544000091552734375e+02 2.133378601074218750e+01 1.000000000000000000e+00 5.346582736819982529e-03 3.720000076293945312e+01
1.596000061035156250e+02 3.060000000000000000e+02 1.577949371337890625e+02 1.000000000000000000e+00 3.299834905192255974e-03 3.720000076293945312e+01
2.436000061035156250e+02 2.580000000000000000e+02 3.483814086914062500e+02 1.000000000000000000e+00 3.156949300318956375e-03 3.720000076293945312e+01
2.244000091552734375e+02 5.424000244140625000e+02 1.074206256866455078e+01 1.000000000000000000e+00 4.144333768635988235e-03 3.720000076293945312e+01
2.124000091552734375e+02 3.528000183105468750e+02 3.512964477539062500e+02 1.000000000000000000e+00 5.171669647097587585e-03 3.720000076293945312e+01
1.788000030517578125e+02 5.508000488281250000e+02 7.912165069580078125e+01 1.000000000000000000e+00 2.732230583205819130e-03 3.720000076293945312e+01
1.788000030517578125e+02 8.880000305175781250e+01 7.436557006835937500e+01 1.000000000000000000e+00 2.889745170250535011e-03 3.720000076293945312e+01
1.680000000000000000e+02 3.588000183105468750e+02 1.932219696044921875e+01 1.000000000000000000e+00 4.833917599171400070e-03 3.720000076293945312e+01
1.776000061035156250e+02 9.120000457763671875e+01 8.416232299804687500e+01 1.000000000000000000e+00 2.980262972414493561e-03 3.720000076293945312e+01
1.716000061035156250e+02 3.540000000000000000e+02 9.148943901062011719e+00 1.000000000000000000e+00 6.081221159547567368e-03 3.720000076293945312e+01
1.704000091552734375e+02 3.996000061035156250e+02 1.663053741455078125e+02 1.000000000000000000e+00 3.261900972574949265e-03 3.720000076293945312e+01
3.000000000000000000e+02 4.116000061035156250e+02 2.973309135437011719e+01 1.000000000000000000e+00 1.794181647710502148e-03 3.720000076293945312e+01
1.956000061035156250e+02 1.308000030517578125e+02 4.036535644531250000e+01 1.000000000000000000e+00 2.407749881967902184e-03 3.720000076293945312e+01
2.604000244140625000e+02 3.168000183105468750e+02 3.508143615722656250e+02 1.000000000000000000e+00 2.266352297738194466e-03 3.720000076293945312e+01
2.268000030517578125e+02 1.128000030517578125e+02 1.260541839599609375e+02 1.000000000000000000e+00 1.922373543493449688e-03 3.720000076293945312e+01
1.944000091552734375e+02 2.616000061035156250e+02 8.512537002563476562e+00 1.000000000000000000e+00 2.099792938679456711e-03 3.720000076293945312e+01
2.160000152587890625e+02 2.652000122070312500e+02 1.519381427764892578e+01 1.000000000000000000e+00 2.257352229207754135e-03 3.720000076293945312e+01
1.932000122070312500e+02 4.932000122070312500e+02 7.130511474609375000e+01 1.000000000000000000e+00 1.962821930646896362e-03 3.720000076293945312e+01
2.568000183105468750e+02 2.604000244140625000e+02 3.512495117187500000e+02 1.000000000000000000e+00 2.144889207556843758e-03 3.720000076293945312e+01
1.932000122070312500e+02 1.596000061035156250e+02 1.157087478637695312e+02 1.000000000000000000e+00 1.854823436588048935e-03 3.720000076293945312e+01
2.040000152587890625e+02 3.048000183105468750e+02 1.839729309082031250e+02 1.000000000000000000e+00 2.358847763389348984e-03 3.720000076293945312e+01
2.292000122070312500e+02 5.424000244140625000e+02 3.488534851074218750e+02 1.000000000000000000e+00 1.867220038548111916e-03 3.720000076293945312e+01
1.920000000000000000e+02 2.640000000000000000e+02 1.537977981567382812e+01 1.000000000000000000e+00 1.810635556466877460e-03 3.720000076293945312e+01
1.836000061035156250e+02 8.640000152587890625e+01 5.982141113281250000e+01 1.000000000000000000e+00 2.145584207028150558e-03 3.720000076293945312e+01
2.184000091552734375e+02 3.924000244140625000e+02 1.769304046630859375e+02 1.000000000000000000e+00 2.233698964118957520e-03 3.720000076293945312e+01
2.352000122070312500e+02 1.380000000000000000e+02 3.023585815429687500e+02 1.000000000000000000e+00 1.971811987459659576e-03 3.720000076293945312e+01
1.908000030517578125e+02 4.620000305175781250e+02 1.350141296386718750e+02 1.000000000000000000e+00 2.340189181268215179e-03 3.720000076293945312e+01
1.452000122070312500e+02 2.892000122070312500e+02 1.542774810791015625e+02 1.000000000000000000e+00 1.989555545151233673e-03 3.720000076293945312e+01
1.848000030517578125e+02 5.484000244140625000e+02 6.585344696044921875e+01 1.000000000000000000e+00 2.169522922486066818e-03 3.720000076293945312e+01
2.064000091552734375e+02 3.564000244140625000e+02 8.708582520484924316e-01 1.000000000000000000e+00 2.027288079261779785e-03 3.720000076293945312e+01
2.124000091552734375e+02 4.008000183105468750e+02 1.694900512695312500e+02 1.000000000000000000e+00 2.129425061866641045e-03 3.720000076293945312e+01
1.548000030517578125e+02 3.816000061035156250e+02 1.144760131835937500e+02 1.000000000000000000e+00 1.896737259812653065e-03 3.720000076293945312e+01
2.244000091552734375e+02 8.160000610351562500e+01 4.478764057159423828e+00 1.000000000000000000e+00 2.341941697522997856e-03 3.720000076293945312e+01
2.088000030517578125e+02 2.964000244140625000e+02 1.962384948730468750e+02 1.000000000000000000e+00 1.577650429680943489e-03 3.720000076293945312e+01
2.280000152587890625e+02 8.040000152587890625e+01 3.577019958496093750e+02 1.000000000000000000e+00 1.603867975063621998e-03 3.720000076293945312e+01
2.604000244140625000e+02 3.396000061035156250e+02 1.892228851318359375e+02 1.000000000000000000e+00 1.740006846375763416e-03 3.720000076293945312e+01
2.028000030517578125e+02 3.576000061035156250e+02 8.933497428894042969e+00 1.000000000000000000e+00 1.688394928351044655e-03 3.720000076293945312e+01
1.308000030517578125e+02 2.880000000000000000e+02 1.382651824951171875e+02 1.000000000000000000e+00 1.631634542718529701e-03 3.720000076293945312e+01
2.424000091552734375e+02 5.436000366210937500e+02 3.171159362792968750e+02 1.000000000000000000e+00 1.702172798104584217e-03 3.720000076293945312e+01
2.556000061035156250e+02 3.948000183105468750e+02 1.877845916748046875e+02 1.000000000000000000e+00 1.630907761864364147e-03 3.720000076293945312e+01
2.184000091552734375e+02 4.176000061035156250e+02 3.368657531738281250e+02 1.000000000000000000e+00 1.684260671027004719e-03 3.720000076293945312e+01
2.916000061035156250e+02 4.800000305175781250e+02 4.703266525268554688e+01 1.000000000000000000e+00 1.784982392564415932e-03 3.720000076293945312e+01
1.596000061035156250e+02 3.684000244140625000e+02 6.038594818115234375e+01 1.000000000000000000e+00 1.631467486731708050e-03 3.720000076293945312e+01
2.352000122070312500e+02 7.560000610351562500e+01 3.483250427246093750e+02 1.000000000000000000e+00 1.707495655864477158e-03 3.720000076293945312e+01
1.416000061035156250e+02 2.904000244140625000e+02 1.577066345214843750e+02 1.000000000000000000e+00 1.732008066028356552e-03 3.720000076293945312e+01
2.412000122070312500e+02 1.068000030517578125e+02 2.304260559082031250e+02 1.000000000000000000e+00 1.674062921665608883e-03 3.720000076293945312e+01
1.536000061035156250e+02 3.792000122070312500e+02 1.050689849853515625e+02 1.000000000000000000e+00 1.714442623779177666e-03 3.720000076293945312e+01
2.424000091552734375e+02 1.416000061035156250e+02 2.110036849975585938e+00 1.000000000000000000e+00 1.341869239695370197e-03 3.720000076293945312e+01
1.284000091552734375e+02 2.748000183105468750e+02 6.438351440429687500e+01 1.000000000000000000e+00 1.550795859657227993e-03 3.720000076293945312e+01
2.196000061035156250e+02 2.364000091552734375e+02 1.958268127441406250e+02 1.000000000000000000e+00 1.357653294689953327e-03 3.720000076293945312e+01
2.928000183105468750e+02 2.388000030517578125e+02 9.148920440673828125e+01 1.000000000000000000e+00 1.461945706978440285e-03 3.720000076293945312e+01
2.472000122070312500e+02 3.420000000000000000e+02 1.877773895263671875e+02 1.000000000000000000e+00 1.540578785352408886e-03 3.720000076293945312e+01
2.796000061035156250e+02 1.908000030517578125e+02 4.403372955322265625e+01 1.000000000000000000e+00 1.485325745306909084e-03 3.720000076293945312e+01
2.088000030517578125e+02 2.640000000000000000e+02 3.574495544433593750e+02 1.000000000000000000e+00 1.468070084229111671e-03 3.720000076293945312e+01
2.004000091552734375e+02 3.600000000000000000e+02 1.567488956451416016e+01 1.000000000000000000e+00 1.575391506776213646e-03 3.720000076293945312e+01
2.436000061035156250e+02 3.948000183105468750e+02 1.938131866455078125e+02 1.000000000000000000e+00 1.513693714514374733e-03 3.720000076293945312e+01
2.928000183105468750e+02 7.080000305175781250e+01 5.358440399169921875e+01 1.000000000000000000e+00 1.457561622373759747e-03 3.720000076293945312e+01
2.772000122070312500e+02 5.388000488281250000e+02 5.353174972534179688e+01 1.000000000000000000e+00 1.560669159516692162e-03 3.720000076293945312e+01
2.928000183105468750e+02 1.872000122070312500e+02 6.055155181884765625e+01 1.000000000000000000e+00 1.473853248171508312e-03 3.720000076293945312e+01
2.172000122070312500e+02 3.600000000000000000e+02 3.329060668945312500e+02 1.000000000000000000e+00 1.529703731648623943e-03 3.720000076293945312e+01
2.868000183105468750e+02 4.188000183105468750e+02 4.977592086791992188e+01 1.000000000000000000e+00 1.358021516352891922e-03 3.720000076293945312e+01
1.488000030517578125e+02 2.892000122070312500e+02 1.476477813720703125e+02 1.000000000000000000e+00 1.298966002650558949e-03 3.720000076293945312e+01
1.788000030517578125e+02 9.720000457763671875e+01 1.071942138671875000e+02 1.000000000000000000e+00 1.303964760154485703e-03 3.720000076293945312e+01
3.144000244140625000e+02 6.120000076293945312e+01 1.071376991271972656e+01 1.000000000000000000e+00 1.323809032328426838e-03 3.720000076293945312e+01
2.796000061035156250e+02 3.420000000000000000e+02 1.183957061767578125e+02 1.000000000000000000e+00 1.310932449996471405e-03 3.720000076293945312e+01
2.916000061035156250e+02 2.448000030517578125e+02 7.856335449218750000e+01 1.000000000000000000e+00 1.336292014457285404e-03 3.720000076293945312e+01
2.796000061035156250e+02 3.528000183105468750e+02 6.047383880615234375e+01 1.000000000000000000e+00 1.277395524084568024e-03 3.720000076293945312e+01
1.896000061035156250e+02 1.512000122070312500e+02 9.657811737060546875e+01 1.000000000000000000e+00 1.277042552828788757e-03 3.720000076293945312e+01
1.296000061035156250e+02 2.721600036621093750e+02 5.311738967895507812e+01 2.000000000000000000e+00 2.186427591368556023e-03 4.464000320434570312e+01
1.540800018310546875e+02 3.729600219726562500e+02 8.296162414550781250e+01 2.000000000000000000e+00 3.895461093634366989e-03 4.464000320434570312e+01
2.030400085449218750e+02 2.563200073242187500e+02 6.093471050262451172e+00 2.000000000000000000e+00 5.462700966745615005e-03 4.464000320434570312e+01
2.606400146484375000e+02 3.153600158691406250e+02 3.968229889869689941e-01 2.000000000000000000e+00 2.965328283607959747e-03 4.464000320434570312e+01
2.577600097656250000e+02 3.124800109863281250e+02 3.570276794433593750e+02 2.000000000000000000e+00 2.550571458414196968e-03 4.464000320434570312e+01
1.267200012207031250e+02 2.793600158691406250e+02 9.034127807617187500e+01 2.000000000000000000e+00 2.432044595479965210e-03 4.464000320434570312e+01
2.563200073242187500e+02 3.441600036621093750e+02 1.884285430908203125e+02 2.000000000000000000e+00 3.101499518379569054e-03 4.464000320434570312e+01
1.411200103759765625e+02 2.692799987792968750e+02 3.539673995971679688e+01 2.000000000000000000e+00 2.706552157178521156e-03 4.464000320434570312e+01
1.958400115966796875e+02 1.310400085449218750e+02 4.531619262695312500e+01 2.000000000000000000e+00 2.486529760062694550e-03 4.464000320434570312e+01
1.454400024414062500e+02 2.707200012207031250e+02 3.712548828125000000e+01 2.000000000000000000e+00 2.845713868737220764e-03 4.464000320434570312e+01
2.563200073242187500e+02 2.592000122070312500e+02 3.526311035156250000e+02 2.000000000000000000e+00 2.244457835331559181e-03 4.464000320434570312e+01
1.483200073242187500e+02 2.721600036621093750e+02 4.259266281127929688e+01 2.000000000000000000e+00 2.925268141552805901e-03 4.464000320434570312e+01
2.520000152587890625e+02 3.974400024414062500e+02 1.894546356201171875e+02 2.000000000000000000e+00 2.602497581392526627e-03 4.464000320434570312e+01
1.526399993896484375e+02 2.707200012207031250e+02 3.991366195678710938e+01 2.000000000000000000e+00 4.367455374449491501e-03 4.464000320434570312e+01
1.526399993896484375e+02 2.894400024414062500e+02 1.426102294921875000e+02 2.000000000000000000e+00 2.402898855507373810e-03 4.464000320434570312e+01
1.540800018310546875e+02 3.700800170898437500e+02 7.462867736816406250e+01 2.000000000000000000e+00 2.755840541794896126e-03 4.464000320434570312e+01
2.246400146484375000e+02 5.414400024414062500e+02 3.580941162109375000e+02 2.000000000000000000e+00 2.939323894679546356e-03 4.464000320434570312e+01
2.505600128173828125e+02 2.548800048828125000e+02 3.492279663085937500e+02 2.000000000000000000e+00 5.116571672260761261e-03 4.464000320434570312e+01
1.598400115966796875e+02 3.052799987792968750e+02 1.614731445312500000e+02 2.000000000000000000e+00 3.218738362193107605e-03 4.464000320434570312e+01
1.915200042724609375e+02 4.982400207519531250e+02 8.337744903564453125e+01 2.000000000000000000e+00 3.155774436891078949e-03 4.464000320434570312e+01
1.915200042724609375e+02 4.176000061035156250e+02 4.552414321899414062e+01 2.000000000000000000e+00 3.704555798321962357e-03 4.464000320434570312e+01
1.915200042724609375e+02 2.347200164794921875e+02 1.346503295898437500e+02 2.000000000000000000e+00 3.123122034594416618e-03 4.464000320434570312e+01
1.915200042724609375e+02 1.915200042724609375e+02 4.825747299194335938e+01 2.000000000000000000e+00 3.362490562722086906e-03 4.464000320434570312e+01
2.116800079345703125e+02 3.528000183105468750e+02 1.586553215980529785e+00 2.000000000000000000e+00 5.397750530391931534e-03 4.464000320434570312e+01
2.448000030517578125e+02 3.139200134277343750e+02 3.514030761718750000e+02 2.000000000000000000e+00 2.597254933789372444e-03 4.464000320434570312e+01
2.448000030517578125e+02 2.563200073242187500e+02 3.491441040039062500e+02 2.000000000000000000e+00 3.273876616731286049e-03 4.464000320434570312e+01
1.684800109863281250e+02 3.585600280761718750e+02 1.535855674743652344e+01 2.000000000000000000e+00 3.458581864833831787e-03 4.464000320434570312e+01
1.713600006103515625e+02 3.542400207519531250e+02 8.537121772766113281e+00 2.000000000000000000e+00 4.779647570103406906e-03 4.464000320434570312e+01
1.800000000000000000e+02 5.500800170898437500e+02 7.945864868164062500e+01 2.000000000000000000e+00 2.592172473669052124e-03 4.464000320434570312e+01
1.713600006103515625e+02 3.988800048828125000e+02 1.704945831298828125e+02 2.000000000000000000e+00 2.769764978438615799e-03 4.464000320434570312e+01
1.785600128173828125e+02 5.529600219726562500e+02 8.925929260253906250e+01 2.000000000000000000e+00 2.941190497949719429e-03 4.464000320434570312e+01
1.785600128173828125e+02 8.928000640869140625e+01 7.846185302734375000e+01 2.000000000000000000e+00 2.347954548895359039e-03 4.464000320434570312e+01
2.347200164794921875e+02 7.631999969482421875e+01 3.482285156250000000e+02 2.000000000000000000e+00 1.608029124327003956e-03 4.464000320434570312e+01
2.044800109863281250e+02 3.038400268554687500e+02 1.779927368164062500e+02 2.000000000000000000e+00 1.819413970224559307e-03 4.464000320434570312e+01
2.577600097656250000e+02 3.945600280761718750e+02 1.833808593750000000e+02 2.000000000000000000e+00 1.721111009828746319e-03 4.464000320434570312e+01
2.361600036621093750e+02 1.368000030517578125e+02 3.026664428710937500e+02 2.000000000000000000e+00 2.075183438137173653e-03 4.464000320434570312e+01
2.404800109863281250e+02 1.094400024414062500e+02 2.297785034179687500e+02 2.000000000000000000e+00 2.012995770201086998e-03 4.464000320434570312e+01
2.160000152587890625e+02 2.649600219726562500e+02 1.196270084381103516e+01 2.000000000000000000e+00 1.930229598656296730e-03 4.464000320434570312e+01
2.995200195312500000e+02 4.104000244140625000e+02 3.016834068298339844e+01 2.000000000000000000e+00 2.078916644677519798e-03 4.464000320434570312e+01
1.339199981689453125e+02 2.692799987792968750e+02 3.588963699340820312e+01 2.000000000000000000e+00 2.021883614361286163e-03 4.464000320434570312e+01
2.275200042724609375e+02 1.123200073242187500e+02 1.626318206787109375e+02 2.000000000000000000e+00 1.616846770048141479e-03 4.464000320434570312e+01
2.606400146484375000e+02 3.398400268554687500e+02 1.838016815185546875e+02 2.000000000000000000e+00 1.948277000337839127e-03 4.464000320434570312e+01
2.433600158691406250e+02 3.945600280761718750e+02 1.892084503173828125e+02 2.000000000000000000e+00 1.658290042541921139e-03 4.464000320434570312e+01
2.505600128173828125e+02 3.110400085449218750e+02 3.503254699707031250e+02 2.000000000000000000e+00 1.822018763050436974e-03 4.464000320434570312e+01
1.771200103759765625e+02 9.360000610351562500e+01 9.294824981689453125e+01 2.000000000000000000e+00 1.956346677616238594e-03 4.464000320434570312e+01
2.908800048828125000e+02 4.780800170898437500e+02 4.896537780761718750e+01 2.000000000000000000e+00 1.694859354756772518e-03 4.464000320434570312e+01
2.966400146484375000e+02 4.132800292968750000e+02 4.755259704589843750e+01 2.000000000000000000e+00 1.868236227892339230e-03 4.464000320434570312e+01
2.966400146484375000e+02 4.089600219726562500e+02 4.948550796508789062e+01 2.000000000000000000e+00 1.654021907597780228e-03 4.464000320434570312e+01
1.987200012207031250e+02 2.592000122070312500e+02 1.141909241676330566e+00 2.000000000000000000e+00 2.086387248709797859e-03 4.464000320434570312e+01
2.116800079345703125e+02 4.003200073242187500e+02 1.610927429199218750e+02 2.000000000000000000e+00 1.945147174410521984e-03 4.464000320434570312e+01
1.900800018310546875e+02 1.569600067138671875e+02 1.084968872070312500e+02 2.000000000000000000e+00 1.695973332971334457e-03 4.464000320434570312e+01
2.174400024414062500e+02 3.931200256347656250e+02 1.744971466064453125e+02 2.000000000000000000e+00 1.795732183381915092e-03 4.464000320434570312e+01
1.843200073242187500e+02 5.486400146484375000e+02 7.207503509521484375e+01 2.000000000000000000e+00 1.490015536546707153e-03 4.464000320434570312e+01
1.828800048828125000e+02 8.640000152587890625e+01 6.451731872558593750e+01 2.000000000000000000e+00 1.507088425569236279e-03 4.464000320434570312e+01
2.088000030517578125e+02 2.635200195312500000e+02 6.196864128112792969e+00 2.000000000000000000e+00 1.585652353242039680e-03 4.464000320434570312e+01
1.929600067138671875e+02 4.939200134277343750e+02 7.466345977783203125e+01 2.000000000000000000e+00 1.598297967575490475e-03 4.464000320434570312e+01
2.764800109863281250e+02 5.385599975585937500e+02 5.620433807373046875e+01 2.000000000000000000e+00 1.518316101282835007e-03 4.464000320434570312e+01
2.088000030517578125e+02 2.966400146484375000e+02 1.914090576171875000e+02 2.000000000000000000e+00 1.543391263112425804e-03 4.464000320434570312e+01
2.246400146484375000e+02 8.063999938964843750e+01 3.549763793945312500e+02 2.000000000000000000e+00 1.530551002360880375e-03 4.464000320434570312e+01
2.188800048828125000e+02 4.176000061035156250e+02 3.358457336425781250e+02 2.000000000000000000e+00 1.503537292592227459e-03 4.464000320434570312e+01
2.476800079345703125e+02 3.412799987792968750e+02 1.877604064941406250e+02 2.000000000000000000e+00 1.317720045335590839e-03 4.464000320434570312e+01
1.454400024414062500e+02 2.894400024414062500e+02 1.468401947021484375e+02 2.000000000000000000e+00 1.345206052064895630e-03 4.464000320434570312e+01
2.419200134277343750e+02 5.428800048828125000e+02 3.224666442871093750e+02 2.000000000000000000e+00 1.353407744318246841e-03 4.464000320434570312e+01
2.059200134277343750e+02 3.556800231933593750e+02 3.589034729003906250e+02 2.000000000000000000e+00 1.352007035166025162e-03 4.464000320434570312e+01
1.929600067138671875e+02 1.598400115966796875e+02 1.157098236083984375e+02 2.000000000000000000e+00 1.369590172544121742e-03 4.464000320434570312e+01
2.923200073242187500e+02 2.404800109863281250e+02 8.745749664306640625e+01 2.000000000000000000e+00 1.441114000044763088e-03 4.464000320434570312e+01
1.483200073242187500e+02 2.880000000000000000e+02 1.426674346923828125e+02 2.000000000000000000e+00 1.476015895605087280e-03 4.464000320434570312e+01
2.174400024414062500e+02 3.600000000000000000e+02 3.392391967773437500e+02 2.000000000000000000e+00 1.388172619044780731e-03 4.464000320434570312e+01
1.857600097656250000e+02 2.649600219726562500e+02 1.387966537475585938e+01 2.000000000000000000e+00 1.362071954645216465e-03 4.464000320434570312e+01
1.900800018310546875e+02 4.622400207519531250e+02 1.354467926025390625e+02 2.000000000000000000e+00 1.379736815579235554e-03 4.464000320434570312e+01
2.793600158691406250e+02 1.915200042724609375e+02 4.899470520019531250e+01 2.000000000000000000e+00 1.246918342076241970e-03 4.464000320434570312e+01
2.923200073242187500e+02 1.857600097656250000e+02 6.768833160400390625e+01 2.000000000000000000e+00 1.310923835262656212e-03 4.464000320434570312e+01
2.793600158691406250e+02 2.548800048828125000e+02 4.663569641113281250e+01 2.000000000000000000e+00 1.262066070921719074e-03 4.464000320434570312e+01
2.793600158691406250e+02 3.528000183105468750e+02 6.745569610595703125e+01 2.000000000000000000e+00 1.232448383234441280e-03 4.464000320434570312e+01
2.865599975585937500e+02 4.176000061035156250e+02 5.779929351806640625e+01 2.000000000000000000e+00 1.220098114572465420e-03 4.464000320434570312e+01
2.782080383300781250e+02 3.421440429687500000e+02 1.200211715698242188e+02 3.000000000000000000e+00 1.401840941980481148e-03 5.356800460815429688e+01
2.747520141601562500e+02 5.391360473632812500e+02 6.066493988037109375e+01 3.000000000000000000e+00 1.557782758027315140e-03 5.356800460815429688e+01
2.211840209960937500e+02 3.162240295410156250e+02 6.034594726562500000e+01 3.000000000000000000e+00 1.583368633873760700e-03 5.356800460815429688e+01
1.261440124511718750e+02 2.799360351562500000e+02 9.300296020507812500e+01 3.000000000000000000e+00 1.696905121207237244e-03 5.356800460815429688e+01
2.782080383300781250e+02 3.093120422363281250e+02 5.217561721801757812e+01 3.000000000000000000e+00 1.739008002914488316e-03 5.356800460815429688e+01
2.626560363769531250e+02 3.162240295410156250e+02 1.770840644836425781e+01 3.000000000000000000e+00 2.577001927420496941e-03 5.356800460815429688e+01
1.382400207519531250e+02 2.695680236816406250e+02 5.518545532226562500e+01 3.000000000000000000e+00 1.803230145014822483e-03 5.356800460815429688e+01
2.609280395507812500e+02 3.404160461425781250e+02 1.648611755371093750e+02 3.000000000000000000e+00 2.064122585579752922e-03 5.356800460815429688e+01
2.574720153808593750e+02 3.127680358886718750e+02 8.323374748229980469e+00 3.000000000000000000e+00 2.291421173140406609e-03 5.356800460815429688e+01
1.434240112304687500e+02 2.712960205078125000e+02 5.852153015136718750e+01 3.000000000000000000e+00 1.424266025424003601e-03 5.356800460815429688e+01
1.520640106201171875e+02 2.695680236816406250e+02 3.213583374023437500e+01 3.000000000000000000e+00 3.375649917870759964e-03 5.356800460815429688e+01
1.520640106201171875e+02 2.903040161132812500e+02 1.510723571777343750e+02 3.000000000000000000e+00 1.840624143369495869e-03 5.356800460815429688e+01
1.537920074462890625e+02 3.697920227050781250e+02 7.826298522949218750e+01 3.000000000000000000e+00 2.550001023337244987e-03 5.356800460815429688e+01
1.537920074462890625e+02 3.732480468750000000e+02 8.694191741943359375e+01 3.000000000000000000e+00 3.652535611763596535e-03 5.356800460815429688e+01
2.557440185546875000e+02 3.438720397949218750e+02 1.758407135009765625e+02 3.000000000000000000e+00 2.753903623670339584e-03 5.356800460815429688e+01
1.589760131835937500e+02 2.540160217285156250e+02 1.139570808410644531e+01 3.000000000000000000e+00 3.290338441729545593e-03 5.356800460815429688e+01
1.589760131835937500e+02 3.041280212402343750e+02 1.672769012451171875e+02 3.000000000000000000e+00 2.675353549420833588e-03 5.356800460815429688e+01
2.488320312500000000e+02 3.421440429687500000e+02 1.856923522949218750e+02 3.000000000000000000e+00 1.431425334885716438e-03 5.356800460815429688e+01
2.557440185546875000e+02 2.592000122070312500e+02 3.554154968261718750e+02 3.000000000000000000e+00 2.340645994991064072e-03 5.356800460815429688e+01
2.505600280761718750e+02 3.974400329589843750e+02 1.866170043945312500e+02 3.000000000000000000e+00 2.264783019199967384e-03 5.356800460815429688e+01
2.505600280761718750e+02 3.110400390625000000e+02 3.542379150390625000e+02 3.000000000000000000e+00 1.726520480588078499e-03 5.356800460815429688e+01
1.676160125732421875e+02 3.594240417480468750e+02 1.858426666259765625e+01 3.000000000000000000e+00 2.787152072414755821e-03 5.356800460815429688e+01
2.505600280761718750e+02 2.557440185546875000e+02 3.510139770507812500e+02 3.000000000000000000e+00 4.716157447546720505e-03 5.356800460815429688e+01
2.453760223388671875e+02 3.127680358886718750e+02 3.530181579589843750e+02 3.000000000000000000e+00 1.760552055202424526e-03 5.356800460815429688e+01
2.436480255126953125e+02 3.957120361328125000e+02 1.832096099853515625e+02 3.000000000000000000e+00 1.713085337541997433e-03 5.356800460815429688e+01
1.710720214843750000e+02 3.542400207519531250e+02 8.300394058227539062e+00 3.000000000000000000e+00 4.477694630622863770e-03 5.356800460815429688e+01
2.436480255126953125e+02 2.557440185546875000e+02 3.533715209960937500e+02 3.000000000000000000e+00 2.685980172827839851e-03 5.356800460815429688e+01
2.989440307617187500e+02 4.112640380859375000e+02 3.566327667236328125e+01 3.000000000000000000e+00 1.723780995234847069e-03 5.356800460815429688e+01
1.952640228271484375e+02 1.313280181884765625e+02 5.590011978149414062e+01 3.000000000000000000e+00 2.176480134949088097e-03 5.356800460815429688e+01
1.710720214843750000e+02 3.974400329589843750e+02 1.726057739257812500e+02 3.000000000000000000e+00 2.570159500464797020e-03 5.356800460815429688e+01
2.401920166015625000e+02 1.088640136718750000e+02 2.231968383789062500e+02 3.000000000000000000e+00 1.595442765392363071e-03 5.356800460815429688e+01
1.779840240478515625e+02 8.985601043701171875e+01 8.147542572021484375e+01 3.000000000000000000e+00 2.224790398031473160e-03 5.356800460815429688e+01
1.779840240478515625e+02 9.504000854492187500e+01 9.691596221923828125e+01 3.000000000000000000e+00 1.524854567833244801e-03 5.356800460815429688e+01
2.367360229492187500e+02 1.365120086669921875e+02 3.290167541503906250e+02 3.000000000000000000e+00 1.904425327666103840e-03 5.356800460815429688e+01
2.350080261230468750e+02 7.603200531005859375e+01 3.489727172851562500e+02 3.000000000000000000e+00 2.107705222442746162e-03 5.356800460815429688e+01
1.918080139160156250e+02 4.181760253906250000e+02 4.794916915893554688e+01 3.000000000000000000e+00 3.742600325495004654e-03 5.356800460815429688e+01
2.263680267333984375e+02 1.123200073242187500e+02 1.928694915771484375e+02 3.000000000000000000e+00 1.844215206801891327e-03 5.356800460815429688e+01
2.229120178222656250e+02 5.408640747070312500e+02 3.514433288574218750e+02 3.000000000000000000e+00 2.460134914144873619e-03 5.356800460815429688e+01
2.799360351562500000e+02 2.522880249023437500e+02 6.160963439941406250e+01 3.000000000000000000e+00 1.544046914204955101e-03 5.356800460815429688e+01
2.229120178222656250e+02 1.088640136718750000e+02 1.506728210449218750e+02 3.000000000000000000e+00 1.804117811843752861e-03 5.356800460815429688e+01
2.954880371093750000e+02 4.129920349121093750e+02 5.089981842041015625e+01 3.000000000000000000e+00 1.474666991271078587e-03 5.356800460815429688e+01
2.782080383300781250e+02 3.525120239257812500e+02 8.143087005615234375e+01 3.000000000000000000e+00 1.466561458073556423e-03 5.356800460815429688e+01
2.177280273437500000e+02 3.939840393066406250e+02 1.786339874267578125e+02 3.000000000000000000e+00 2.023636596277356148e-03 5.356800460815429688e+01
2.108160247802734375e+02 3.991680297851562500e+02 1.611811370849609375e+02 3.000000000000000000e+00 1.792201190255582333e-03 5.356800460815429688e+01
2.108160247802734375e+02 3.525120239257812500e+02 1.377101707458496094e+01 3.000000000000000000e+00 4.350361879914999008e-03 5.356800460815429688e+01
2.090880126953125000e+02 2.972160339355468750e+02 1.802619628906250000e+02 3.000000000000000000e+00 1.557497074827551842e-03 5.356800460815429688e+01
2.090880126953125000e+02 2.626560363769531250e+02 1.194128799438476562e+01 3.000000000000000000e+00 1.931357430294156075e-03 5.356800460815429688e+01
1.900800170898437500e+02 1.555200195312500000e+02 1.067578430175781250e+02 3.000000000000000000e+00 1.618212671019136906e-03 5.356800460815429688e+01
1.900800170898437500e+02 4.613760375976562500e+02 1.242747344970703125e+02 3.000000000000000000e+00 1.412079320289194584e-03 5.356800460815429688e+01
1.900800170898437500e+02 4.976640625000000000e+02 8.262903594970703125e+01 3.000000000000000000e+00 2.057036384940147400e-03 5.356800460815429688e+01
2.782080383300781250e+02 1.900800170898437500e+02 6.193524169921875000e+01 3.000000000000000000e+00 1.532055553980171680e-03 5.356800460815429688e+01
1.918080139160156250e+02 1.918080139160156250e+02 5.535430908203125000e+01 3.000000000000000000e+00 3.518453333526849747e-03 5.356800460815429688e+01
2.039040222167968750e+02 3.024000244140625000e+02 1.704112701416015625e+02 3.000000000000000000e+00 1.724692061543464661e-03 5.356800460815429688e+01
1.918080139160156250e+02 2.350080261230468750e+02 1.304214630126953125e+02 3.000000000000000000e+00 2.630415139719843864e-03 5.356800460815429688e+01
2.021760253906250000e+02 2.574720153808593750e+02 1.389185810089111328e+01 3.000000000000000000e+00 5.245783366262912750e-03 5.356800460815429688e+01
2.903040161132812500e+02 4.769280395507812500e+02 4.316789627075195312e+01 3.000000000000000000e+00 1.463590073399245739e-03 5.356800460815429688e+01
2.142720184326171875e+02 2.643840332031250000e+02 1.034009742736816406e+01 3.000000000000000000e+00 1.972570316866040230e-03 5.356800460815429688e+01
2.782080383300781250e+02 2.350080261230468750e+02 1.198163299560546875e+02 3.000000000000000000e+00 1.355492509901523590e-03 5.356800460815429688e+01
2.851200256347656250e+02 4.164480285644531250e+02 6.327604675292968750e+01 3.000000000000000000e+00 1.362360548228025436e-03 5.356800460815429688e+01
3.041280212402343750e+02 5.875200653076171875e+01 3.315799331665039062e+01 3.000000000000000000e+00 1.376934931613504887e-03 5.356800460815429688e+01
2.419200286865234375e+02 5.425920410156250000e+02 3.270173034667968750e+02 3.000000000000000000e+00 1.292825443670153618e-03 5.356800460815429688e+01
1.537920074462890625e+02 3.801600341796875000e+02 1.019876327514648438e+02 3.000000000000000000e+00 1.315593020990490913e-03 5.356800460815429688e+01
2.160000152587890625e+02 3.594240417480468750e+02 3.518553771972656250e+02 3.000000000000000000e+00 1.267578918486833572e-03 5.356800460815429688e+01
2.509056396484375000e+02 3.981312561035156250e+02 1.781081695556640625e+02 4.000000000000000000e+00 1.745697227306663990e-03 6.428160858154296875e+01
2.633472290039062500e+02 3.151872558593750000e+02 3.500853347778320312e+01 4.000000000000000000e+00 2.111343434080481529e-03 6.428160858154296875e+01
2.509056396484375000e+02 2.571264343261718750e+02 3.576343078613281250e+02 4.000000000000000000e+00 3.898606868460774422e-03 6.428160858154296875e+01
2.509056396484375000e+02 3.110400390625000000e+02 3.895099878311157227e+00 4.000000000000000000e+00 1.778472680598497391e-03 6.428160858154296875e+01
2.778624267578125000e+02 3.089664306640625000e+02 5.000809097290039062e+01 4.000000000000000000e+00 2.247387077659368515e-03 6.428160858154296875e+01
2.571264343261718750e+02 3.442176513671875000e+02 1.535627593994140625e+02 4.000000000000000000e+00 2.332995180040597916e-03 6.428160858154296875e+01
2.592000427246093750e+02 2.592000427246093750e+02 1.204070568084716797e+01 4.000000000000000000e+00 2.515207044780254364e-03 6.428160858154296875e+01
2.550528411865234375e+02 3.131136474609375000e+02 8.476459503173828125e+00 4.000000000000000000e+00 3.039520233869552612e-03 6.428160858154296875e+01
1.513728179931640625e+02 2.695680236816406250e+02 3.812771606445312500e+01 4.000000000000000000e+00 2.640920924022793770e-03 6.428160858154296875e+01
2.446848297119140625e+02 2.571264343261718750e+02 7.495993971824645996e-01 4.000000000000000000e+00 1.951732905581593513e-03 6.428160858154296875e+01
2.218752288818359375e+02 3.172608337402343750e+02 8.129165649414062500e+01 4.000000000000000000e+00 2.211082028225064278e-03 6.428160858154296875e+01
1.679616241455078125e+02 3.608064575195312500e+02 2.799688148498535156e+01 4.000000000000000000e+00 2.665304113179445267e-03 6.428160858154296875e+01
1.555200195312500000e+02 3.711744384765625000e+02 7.664858245849609375e+01 4.000000000000000000e+00 2.526103518903255463e-03 6.428160858154296875e+01
2.363904266357421875e+02 7.672321319580078125e+01 3.498602600097656250e+02 4.000000000000000000e+00 1.912009669467806816e-03 6.428160858154296875e+01
1.596672210693359375e+02 2.550528411865234375e+02 8.321934700012207031e+00 4.000000000000000000e+00 3.236989257857203484e-03 6.428160858154296875e+01
1.596672210693359375e+02 3.048192443847656250e+02 1.710541534423828125e+02 4.000000000000000000e+00 2.434351947158575058e-03 6.428160858154296875e+01
2.737152404785156250e+02 5.391360473632812500e+02 6.233447265625000000e+01 4.000000000000000000e+00 1.821896759793162346e-03 6.428160858154296875e+01
2.239488372802734375e+02 5.412096557617187500e+02 3.319121093750000000e+02 4.000000000000000000e+00 1.802317332476377487e-03 6.428160858154296875e+01
2.177280273437500000e+02 3.960576477050781250e+02 1.850149078369140625e+02 4.000000000000000000e+00 1.780066173523664474e-03 6.428160858154296875e+01
1.928448333740234375e+02 1.928448333740234375e+02 6.501927185058593750e+01 4.000000000000000000e+00 3.649872029200196266e-03 6.428160858154296875e+01
2.115072326660156250e+02 3.545856628417968750e+02 2.118191909790039062e+01 4.000000000000000000e+00 3.984291106462478638e-03 6.428160858154296875e+01
1.928448333740234375e+02 2.343168334960937500e+02 1.226051864624023438e+02 4.000000000000000000e+00 2.772398758679628372e-03 6.428160858154296875e+01
1.721088256835937500e+02 3.566592407226562500e+02 1.442010593414306641e+01 4.000000000000000000e+00 4.840993788093328476e-03 6.428160858154296875e+01
1.928448333740234375e+02 4.188672485351562500e+02 6.283214950561523438e+01 4.000000000000000000e+00 3.729620715603232384e-03 6.428160858154296875e+01
1.721088256835937500e+02 3.981312561035156250e+02 1.677087860107421875e+02 4.000000000000000000e+00 2.434218768030405045e-03 6.428160858154296875e+01
2.032128295898437500e+02 2.592000427246093750e+02 2.164567756652832031e+01 4.000000000000000000e+00 4.693984054028987885e-03 6.428160858154296875e+01
1.783296203613281250e+02 9.123841094970703125e+01 8.521301269531250000e+01 4.000000000000000000e+00 2.783731324598193169e-03 6.428160858154296875e+01
1.783296203613281250e+02 5.536513061523437500e+02 8.969576263427734375e+01 4.000000000000000000e+00 2.324168104678392410e-03 6.428160858154296875e+01
2.778624267578125000e+02 3.421440429687500000e+02 1.062629470825195312e+02 4.000000000000000000e+00 1.362697687000036240e-03 6.428160858154296875e+01
2.032128295898437500e+02 3.027456359863281250e+02 1.654896545410156250e+02 4.000000000000000000e+00 1.693679834716022015e-03 6.428160858154296875e+01
2.799360351562500000e+02 1.866240234375000000e+02 7.733869934082031250e+01 4.000000000000000000e+00 1.498980913311243057e-03 6.428160858154296875e+01
1.949184265136718750e+02 1.327104187011718750e+02 6.962206268310546875e+01 4.000000000000000000e+00 1.687283045612275600e-03 6.428160858154296875e+01
2.446848297119140625e+02 3.131136474609375000e+02 3.491708755493164062e+00 4.000000000000000000e+00 1.644485630095005035e-03 6.428160858154296875e+01
2.446848297119140625e+02 5.432832641601562500e+02 3.380946350097656250e+02 4.000000000000000000e+00 1.378443557769060135e-03 6.428160858154296875e+01
1.907712249755859375e+02 4.976640625000000000e+02 8.320433044433593750e+01 4.000000000000000000e+00 1.638891291804611683e-03 6.428160858154296875e+01
2.799360351562500000e+02 3.525120544433593750e+02 1.024684753417968750e+02 4.000000000000000000e+00 1.407501404173672199e-03 6.428160858154296875e+01
1.907712249755859375e+02 1.555200195312500000e+02 1.033978271484375000e+02 4.000000000000000000e+00 1.486425520852208138e-03 6.428160858154296875e+01
2.778624267578125000e+02 2.550528411865234375e+02 5.837677001953125000e+01 4.000000000000000000e+00 1.556158298626542091e-03 6.428160858154296875e+01
2.612736511230468750e+02 3.400704345703125000e+02 1.455579833984375000e+02 4.000000000000000000e+00 1.624471275135874748e-03 6.428160858154296875e+01
2.426112365722656250e+02 1.099008178710937500e+02 2.231550445556640625e+02 4.000000000000000000e+00 1.724898582324385643e-03 6.428160858154296875e+01
2.177280273437500000e+02 3.587328491210937500e+02 9.809316635131835938e+00 4.000000000000000000e+00 1.619363902136683464e-03 6.428160858154296875e+01
2.384640350341796875e+02 1.368576202392578125e+02 3.531954040527343750e+02 4.000000000000000000e+00 1.699694432318210602e-03 6.428160858154296875e+01
1.513728179931640625e+02 2.903040466308593750e+02 1.429489746093750000e+02 4.000000000000000000e+00 1.291229738853871822e-03 6.428160858154296875e+01
2.446848297119140625e+02 3.960576477050781250e+02 1.809941864013671875e+02 4.000000000000000000e+00 1.324521610513329506e-03 6.428160858154296875e+01
2.757888488769531250e+02 1.140480194091796875e+02 9.369689941406250000e+01 4.000000000000000000e+00 1.301104552112519741e-03 6.428160858154296875e+01
2.799360351562500000e+02 2.363904266357421875e+02 1.057723541259765625e+02 4.000000000000000000e+00 1.297151669859886169e-03 6.428160858154296875e+01
2.115072326660156250e+02 4.002048645019531250e+02 1.744479980468750000e+02 4.000000000000000000e+00 1.348582329228520393e-03 6.428160858154296875e+01
1.907712249755859375e+02 4.624128723144531250e+02 1.099736633300781250e+02 4.000000000000000000e+00 1.275216811336576939e-03 6.428160858154296875e+01
2.488320312500000000e+02 3.421440429687500000e+02 1.790723114013671875e+02 4.000000000000000000e+00 1.286732265725731850e-03 6.428160858154296875e+01
2.094336242675781250e+02 2.985984497070312500e+02 1.673809661865234375e+02 4.000000000000000000e+00 1.273298519663512707e-03 6.428160858154296875e+01
2.923776550292968750e+02 4.769280700683593750e+02 2.782763099670410156e+01 4.000000000000000000e+00 1.228349399752914906e-03 6.428160858154296875e+01
1.264896163940429688e+02 2.799360351562500000e+02 9.089363861083984375e+01 4.000000000000000000e+00 1.212386414408683777e-03 6.428160858154296875e+01
2.737152709960937500e+02 1.119744262695312500e+02 7.976172637939453125e+01 5.000000000000000000e+00 1.482936553657054901e-03 7.713793945312500000e+01
2.264371795654296875e+02 2.562970275878906250e+02 3.558540649414062500e+02 5.000000000000000000e+00 2.009642776101827621e-03 7.713793945312500000e+01
2.786918945312500000e+02 3.508532104492187500e+02 1.144486083984375000e+02 5.000000000000000000e+00 1.708003808744251728e-03 7.713793945312500000e+01
2.438554229736328125e+02 2.562970275878906250e+02 9.614770889282226562e+00 5.000000000000000000e+00 1.671374775469303131e-03 7.713793945312500000e+01
2.015539703369140625e+02 2.587853393554687500e+02 2.363300323486328125e+01 5.000000000000000000e+00 4.205591976642608643e-03 7.713793945312500000e+01
2.786918945312500000e+02 2.538087005615234375e+02 7.092428588867187500e+01 5.000000000000000000e+00 1.572461100295186043e-03 7.713793945312500000e+01
2.363904571533203125e+02 7.713793945312500000e+01 3.497646179199218750e+02 5.000000000000000000e+00 1.754785189405083656e-03 7.713793945312500000e+01
2.786918945312500000e+02 2.363904571533203125e+02 9.819131469726562500e+01 5.000000000000000000e+00 1.561514800414443016e-03 7.713793945312500000e+01
1.542758789062500000e+02 3.732480773925781250e+02 8.538565063476562500e+01 5.000000000000000000e+00 2.783758565783500671e-03 7.713793945312500000e+01
2.264371795654296875e+02 3.135283813476562500e+02 9.583269500732421875e+01 5.000000000000000000e+00 2.355577424168586731e-03 7.713793945312500000e+01
1.592525177001953125e+02 2.562970275878906250e+02 1.268854141235351562e+01 5.000000000000000000e+00 2.972054760903120041e-03 7.713793945312500000e+01
1.592525177001953125e+02 3.035751037597656250e+02 1.703176422119140625e+02 5.000000000000000000e+00 2.057655015960335732e-03 7.713793945312500000e+01
2.214605255126953125e+02 3.160167236328125000e+02 1.011656646728515625e+02 5.000000000000000000e+00 2.446471946313977242e-03 7.713793945312500000e+01
2.513203735351562500e+02 2.562970275878906250e+02 2.419401359558105469e+01 5.000000000000000000e+00 2.878156956285238266e-03 7.713793945312500000e+01
2.115072479248046875e+02 3.533415222167968750e+02 3.019938659667968750e+01 5.000000000000000000e+00 3.244379302486777306e-03 7.713793945312500000e+01
1.716941223144531250e+02 3.558298339843750000e+02 2.663790512084960938e+01 5.000000000000000000e+00 3.792623290792107582e-03 7.713793945312500000e+01
2.115072479248046875e+02 2.612736511230468750e+02 1.891161727905273438e+01 5.000000000000000000e+00 3.289114683866500854e-03 7.713793945312500000e+01
1.716941223144531250e+02 3.956429748535156250e+02 1.486793212890625000e+02 5.000000000000000000e+00 2.095916541293263435e-03 7.713793945312500000e+01
1.965773315429687500e+02 1.318809967041015625e+02 8.285932922363281250e+01 5.000000000000000000e+00 1.768791698850691319e-03 7.713793945312500000e+01
1.791590881347656250e+02 9.206786346435546875e+01 8.756920623779296875e+01 5.000000000000000000e+00 2.844912931323051453e-03 7.713793945312500000e+01
2.189722137451171875e+02 3.209933471679687500e+02 1.018024978637695312e+02 5.000000000000000000e+00 2.173610264435410500e-03 7.713793945312500000e+01
1.791590881347656250e+02 5.524071655273437500e+02 9.218588256835937500e+01 5.000000000000000000e+00 2.372653456404805183e-03 7.713793945312500000e+01
2.189722137451171875e+02 3.583181762695312500e+02 2.703218460083007812e+01 5.000000000000000000e+00 1.493434305302798748e-03 7.713793945312500000e+01
2.538087005615234375e+02 3.135283813476562500e+02 4.058087158203125000e+01 5.000000000000000000e+00 2.790006343275308609e-03 7.713793945312500000e+01
2.562970275878906250e+02 3.433882446289062500e+02 1.225902099609375000e+02 5.000000000000000000e+00 1.749287708662450314e-03 7.713793945312500000e+01
2.762035827636718750e+02 3.060634460449218750e+02 7.234259796142578125e+01 5.000000000000000000e+00 1.821139827370643616e-03 7.713793945312500000e+01
2.587853393554687500e+02 2.587853393554687500e+02 3.016934394836425781e+01 5.000000000000000000e+00 1.843680045567452908e-03 7.713793945312500000e+01
2.712269592285156250e+02 5.374772338867187500e+02 7.392297363281250000e+01 5.000000000000000000e+00 1.966967713087797165e-03 7.713793945312500000e+01
1.916006927490234375e+02 4.180378723144531250e+02 8.121814727783203125e+01 5.000000000000000000e+00 2.946432679891586304e-03 7.713793945312500000e+01
2.637619934082031250e+02 3.160167236328125000e+02 8.016324615478515625e+01 5.000000000000000000e+00 1.841996796429157257e-03 7.713793945312500000e+01
1.916006927490234375e+02 1.916006927490234375e+02 7.589716339111328125e+01 5.000000000000000000e+00 2.233979990705847740e-03 7.713793945312500000e+01
1.916006927490234375e+02 2.339021301269531250e+02 1.024755630493164062e+02 5.000000000000000000e+00 1.961027737706899643e-03 7.713793945312500000e+01
2.090189361572265625e+02 2.985984802246093750e+02 1.611608886718750000e+02 5.000000000000000000e+00 1.246540807187557220e-03 7.713793945312500000e+01
2.040422821044921875e+02 3.010867919921875000e+02 1.630834960937500000e+02 5.000000000000000000e+00 1.413914607837796211e-03 7.713793945312500000e+01
2.239488525390625000e+02 1.094861068725585938e+02 2.338363494873046875e+02 5.000000000000000000e+00 1.402152352966368198e-03 7.713793945312500000e+01
2.388787841796875000e+02 1.368576354980468750e+02 2.733471632003784180e+00 5.000000000000000000e+00 1.350320409983396530e-03 7.713793945312500000e+01
2.786918945312500000e+02 1.891123657226562500e+02 7.281391143798828125e+01 5.000000000000000000e+00 1.420781714841723442e-03 7.713793945312500000e+01
2.438554229736328125e+02 1.393459472656250000e+02 4.578905582427978516e+00 5.000000000000000000e+00 1.355162356048822403e-03 7.713793945312500000e+01
2.189722137451171875e+02 3.956429748535156250e+02 1.959269561767578125e+02 5.000000000000000000e+00 1.479845494031906128e-03 7.713793945312500000e+01
2.762035827636718750e+02 4.678042602539062500e+02 6.866223144531250000e+01 5.000000000000000000e+00 1.284729223698377609e-03 7.713793945312500000e+01
2.239488525390625000e+02 5.399655761718750000e+02 3.078580932617187500e+02 5.000000000000000000e+00 1.289645791985094547e-03 7.713793945312500000e+01
1.916006927490234375e+02 4.976641235351562500e+02 9.361228179931640625e+01 5.000000000000000000e+00 1.202639425173401833e-03 7.713793945312500000e+01
1.916006927490234375e+02 4.603392944335937500e+02 1.006357727050781250e+02 5.000000000000000000e+00 1.224923878908157349e-03 7.713793945312500000e+01
2.413670959472656250e+02 1.094861068725585938e+02 3.537376708984375000e+02 5.000000000000000000e+00 1.191097777336835861e-03 7.713793945312500000e+01
2.179768981933593750e+02 3.314443054199218750e+02 7.361422729492187500e+01 6.000000000000000000e+00 1.081551541574299335e-03 9.256552886962890625e+01
2.030469665527343750e+02 2.567946777343750000e+02 3.309952163696289062e+01 6.000000000000000000e+00 2.901145257055759430e-03 9.256552886962890625e+01
2.179768981933593750e+02 3.254723510742187500e+02 8.919762420654296875e+01 6.000000000000000000e+00 1.346207456663250923e-03 9.256552886962890625e+01
1.492992401123046875e+02 2.657526550292968750e+02 4.929696273803710938e+01 6.000000000000000000e+00 1.966291805729269981e-03 9.256552886962890625e+01
2.627666625976562500e+02 3.135284118652343750e+02 1.036241607666015625e+02 6.000000000000000000e+00 1.367186545394361019e-03 9.256552886962890625e+01
1.552712097167968750e+02 3.732481079101562500e+02 8.760485076904296875e+01 6.000000000000000000e+00 3.359627909958362579e-03 9.256552886962890625e+01
1.612431793212890625e+02 2.567946777343750000e+02 2.756303215026855469e+01 6.000000000000000000e+00 2.736553782597184181e-03 9.256552886962890625e+01
1.612431793212890625e+02 3.015844726562500000e+02 1.625563354492187500e+02 6.000000000000000000e+00 2.015896607190370560e-03 9.256552886962890625e+01
2.597806701660156250e+02 2.567946777343750000e+02 7.352806854248046875e+01 6.000000000000000000e+00 1.263813348487019539e-03 9.256552886962890625e+01
2.567946777343750000e+02 3.433882446289062500e+02 8.659868621826171875e+01 6.000000000000000000e+00 1.245439634658396244e-03 9.256552886962890625e+01
2.538087158203125000e+02 3.105424194335937500e+02 1.175202941894531250e+02 6.000000000000000000e+00 2.049655420705676079e-03 9.256552886962890625e+01
1.731871185302734375e+02 3.553321838378906250e+02 3.474395370483398438e+01 6.000000000000000000e+00 2.896945690736174583e-03 9.256552886962890625e+01
1.731871185302734375e+02 3.941499938964843750e+02 1.253132705688476562e+02 6.000000000000000000e+00 1.647819764912128448e-03 9.256552886962890625e+01
1.791590881347656250e+02 9.256552886962890625e+01 8.369485473632812500e+01 6.000000000000000000e+00 2.412998815998435020e-03 9.256552886962890625e+01
2.508227233886718750e+02 2.538087158203125000e+02 7.015080261230468750e+01 6.000000000000000000e+00 1.835617818869650364e-03 9.256552886962890625e+01
1.970749969482421875e+02 1.313833312988281250e+02 9.691104888916015625e+01 6.000000000000000000e+00 1.785699510946869850e-03 9.256552886962890625e+01
2.209628753662109375e+02 3.583181762695312500e+02 6.491674804687500000e+01 6.000000000000000000e+00 1.343367970548570156e-03 9.256552886962890625e+01
2.448507537841796875e+02 1.104814376831054688e+02 2.468957519531250000e+01 6.000000000000000000e+00 1.399637316353619099e-03 9.256552886962890625e+01
2.239488525390625000e+02 3.374162902832031250e+02 5.941957473754882812e+01 6.000000000000000000e+00 1.139567000791430473e-03 9.256552886962890625e+01
2.418647766113281250e+02 1.343693237304687500e+02 1.262529659271240234e+01 6.000000000000000000e+00 1.409660209901630878e-03 9.256552886962890625e+01
2.269348449707031250e+02 2.538087158203125000e+02 3.522412414550781250e+02 6.000000000000000000e+00 1.930611440911889076e-03 9.256552886962890625e+01
2.090189361572265625e+02 3.553321838378906250e+02 3.380247879028320312e+01 6.000000000000000000e+00 3.118288237601518631e-03 9.256552886962890625e+01
1.911030273437500000e+02 1.911030273437500000e+02 8.058041381835937500e+01 6.000000000000000000e+00 1.922275288961827755e-03 9.256552886962890625e+01
2.239488525390625000e+02 1.104814376831054688e+02 5.671166896820068359e+00 6.000000000000000000e+00 1.269228174351155758e-03 9.256552886962890625e+01
2.120049133300781250e+02 2.597806701660156250e+02 3.742188644409179688e+01 6.000000000000000000e+00 3.336507594212889671e-03 9.256552886962890625e+01
2.179768981933593750e+02 3.941499938964843750e+02 2.171707305908203125e+02 6.000000000000000000e+00 1.092007616534829140e-03 9.256552886962890625e+01
2.269348449707031250e+02 3.135284118652343750e+02 1.228633270263671875e+02 6.000000000000000000e+00 3.400281770154833794e-03 9.256552886962890625e+01
1.911030273437500000e+02 4.180378723144531250e+02 9.735543060302734375e+01 6.000000000000000000e+00 2.636090852320194244e-03 9.256552886962890625e+01
1.940890197753906250e+02 2.329068145751953125e+02 8.632133483886718750e+01 6.000000000000000000e+00 2.245665295049548149e-03 9.256552886962890625e+01
1.492992401123046875e+02 2.896405334472656250e+02 1.271405639648437500e+02 6.000000000000000000e+00 9.511763346381485462e-04 9.256552886962890625e+01
1.911030273437500000e+02 4.956734619140625000e+02 9.653210449218750000e+01 6.000000000000000000e+00 9.598399628885090351e-04 9.256552886962890625e+01
2.209628753662109375e+02 5.374772949218750000e+02 1.666135253906250000e+02 6.000000000000000000e+00 1.045932294800877571e-03 9.256552886962890625e+01
1.911030273437500000e+02 1.552712097167968750e+02 8.415270233154296875e+01 6.000000000000000000e+00 9.714475017972290516e-04 9.256552886962890625e+01
2.209628753662109375e+02 2.657526550292968750e+02 2.325661087036132812e+01 6.000000000000000000e+00 9.661745280027389526e-04 9.256552886962890625e+01
2.030469665527343750e+02 3.015844726562500000e+02 1.594468688964843750e+02 6.000000000000000000e+00 9.924377081915736198e-04 9.256552886962890625e+01
1.911030273437500000e+02 4.598416748046875000e+02 9.875074768066406250e+01 6.000000000000000000e+00 9.319380042143166065e-04 9.256552886962890625e+01
1.254113616943359375e+02 2.794881896972656250e+02 9.017321014404296875e+01 7.000000000000000000e+00 9.287621942348778248e-04 1.110786361694335938e+02
1.612431793212890625e+02 3.619013671875000000e+02 6.230320739746093750e+01 7.000000000000000000e+00 1.238134573213756084e-03 1.110786361694335938e+02
1.970749969482421875e+02 2.723218078613281250e+02 1.119180755615234375e+02 7.000000000000000000e+00 1.345367869362235069e-03 1.110786361694335938e+02
1.469104614257812500e+02 2.651554565429687500e+02 5.910218811035156250e+01 7.000000000000000000e+00 1.777426106855273247e-03 1.110786361694335938e+02
2.436563720703125000e+02 1.110786361694335938e+02 2.502185440063476562e+01 7.000000000000000000e+00 1.302324468269944191e-03 1.110786361694335938e+02
1.540768127441406250e+02 3.726509094238281250e+02 8.509719085693359375e+01 7.000000000000000000e+00 3.012660192325711250e-03 1.110786361694335938e+02
1.576600036621093750e+02 2.579891052246093750e+02 4.860172653198242188e+01 7.000000000000000000e+00 2.202179282903671265e-03 1.110786361694335938e+02
1.612431793212890625e+02 3.009872741699218750e+02 1.510280761718750000e+02 7.000000000000000000e+00 1.850629923865199089e-03 1.110786361694335938e+02
2.221572723388671875e+02 3.583181762695312500e+02 8.474924468994140625e+01 7.000000000000000000e+00 1.262138481251895428e-03 1.110786361694335938e+02
2.400731811523437500e+02 1.361609039306640625e+02 1.146839752197265625e+02 7.000000000000000000e+00 1.035755616612732410e-03 1.110786361694335938e+02
1.684095458984375000e+02 3.583181762695312500e+02 5.111722183227539062e+01 7.000000000000000000e+00 2.558819483965635300e-03 1.110786361694335938e+02
1.684095458984375000e+02 3.941499938964843750e+02 1.054244689941406250e+02 7.000000000000000000e+00 1.406845287419855595e-03 1.110786361694335938e+02
2.400731811523437500e+02 2.544059143066406250e+02 1.273842315673828125e+02 7.000000000000000000e+00 9.306199499405920506e-04 1.110786361694335938e+02
2.006581878662109375e+02 2.579891052246093750e+02 7.041577148437500000e+01 7.000000000000000000e+00 2.269875956699252129e-03 1.110786361694335938e+02
2.078245544433593750e+02 3.547350158691406250e+02 5.031732940673828125e+01 7.000000000000000000e+00 2.151497639715671539e-03 1.110786361694335938e+02
2.257404632568359375e+02 3.153200073242187500e+02 1.305916442871093750e+02 7.000000000000000000e+00 4.447516519576311111e-03 1.110786361694335938e+02
2.257404632568359375e+02 2.579891052246093750e+02 1.421545867919921875e+02 7.000000000000000000e+00 2.314261393621563911e-03 1.110786361694335938e+02
1.934918212890625000e+02 1.934918212890625000e+02 9.334619903564453125e+01 7.000000000000000000e+00 2.568539464846253395e-03 1.110786361694335938e+02
2.185740966796875000e+02 3.224863586425781250e+02 1.080446166992187500e+02 7.000000000000000000e+00 4.514608066529035568e-03 1.110786361694335938e+02
1.934918212890625000e+02 1.325777282714843750e+02 1.022057571411132812e+02 7.000000000000000000e+00 1.609983621165156364e-03 1.110786361694335938e+02
1.899086456298828125e+02 2.329068145751953125e+02 6.558718872070312500e+01 7.000000000000000000e+00 1.771418261341750622e-03 1.110786361694335938e+02
2.185740966796875000e+02 1.110786361694335938e+02 3.819980621337890625e+01 7.000000000000000000e+00 1.176703022792935371e-03 1.110786361694335938e+02
1.899086456298828125e+02 4.192322692871093750e+02 1.224351501464843750e+02 7.000000000000000000e+00 2.731848508119583130e-03 1.110786361694335938e+02
2.114077301025390625e+02 2.579891052246093750e+02 1.058811035156250000e+02 7.000000000000000000e+00 2.953639952465891838e-03 1.110786361694335938e+02
1.899086456298828125e+02 4.980622863769531250e+02 8.823467254638671875e+01 7.000000000000000000e+00 8.165836334228515625e-04 1.110786361694335938e+02
2.006581878662109375e+02 4.980622863769531250e+02 8.668957519531250000e+01 7.000000000000000000e+00 8.322215289808809757e-04 1.110786361694335938e+02
1.827422790527343750e+02 2.615722656250000000e+02 5.747563552856445312e+01 7.000000000000000000e+00 8.746339590288698673e-04 1.110786361694335938e+02
1.899086456298828125e+02 1.540768127441406250e+02 8.637451171875000000e+01 7.000000000000000000e+00 8.503004210069775581e-04 1.110786361694335938e+02
2.329068145751953125e+02 3.439854736328125000e+02 5.462427902221679688e+01 7.000000000000000000e+00 7.868391112424433231e-04 1.110786361694335938e+02
1.899086456298828125e+02 4.622304687500000000e+02 9.263855743408203125e+01 7.000000000000000000e+00 7.490537245757877827e-04 1.110786361694335938e+02
2.006581878662109375e+02 3.009872741699218750e+02 1.420356445312500000e+02 7.000000000000000000e+00 7.099595386534929276e-04 1.110786361694335938e+02
