2.540000000000000000e+02 4.640000000000000000e+02 1.889547729492187500e+01 0.000000000000000000e+00 8.152970694936811924e-04 3.100000000000000000e+01
3.300000000000000000e+01 4.180000000000000000e+02 1.683134460449218750e+01 0.000000000000000000e+00 1.960873370990157127e-03 3.100000000000000000e+01
3.260000000000000000e+02 2.480000000000000000e+02 4.956913757324218750e+01 0.000000000000000000e+00 2.789104124531149864e-03 3.100000000000000000e+01
3.250000000000000000e+02 2.520000000000000000e+02 5.885475158691406250e+01 0.000000000000000000e+00 1.089581637643277645e-03 3.100000000000000000e+01
3.060000000000000000e+02 3.780000000000000000e+02 2.645870208740234375e+01 0.000000000000000000e+00 1.528973109088838100e-03 3.100000000000000000e+01
3.000000000000000000e+02 3.790000000000000000e+02 1.438726902008056641e+01 0.000000000000000000e+00 9.720926173031330109e-04 3.100000000000000000e+01
3.600000000000000000e+01 4.190000000000000000e+02 1.083043956756591797e+01 0.000000000000000000e+00 1.403154339641332626e-03 3.100000000000000000e+01
2.970000000000000000e+02 2.650000000000000000e+02 3.472977294921875000e+02 0.000000000000000000e+00 3.378283698111772537e-03 3.100000000000000000e+01
2.730000000000000000e+02 3.490000000000000000e+02 2.880416564941406250e+02 0.000000000000000000e+00 3.735642880201339722e-03 3.100000000000000000e+01
2.720000000000000000e+02 3.470000000000000000e+02 2.882700805664062500e+02 0.000000000000000000e+00 2.481137635186314583e-03 3.100000000000000000e+01
2.700000000000000000e+02 3.560000000000000000e+02 2.888713073730468750e+02 0.000000000000000000e+00 1.726801740005612373e-03 3.100000000000000000e+01
2.650000000000000000e+02 3.450000000000000000e+02 2.901283569335937500e+02 0.000000000000000000e+00 2.285187831148505211e-03 3.100000000000000000e+01
2.600000000000000000e+02 4.800000000000000000e+02 1.818967437744140625e+02 0.000000000000000000e+00 2.828723052516579628e-03 3.100000000000000000e+01
3.900000000000000000e+01 5.140000000000000000e+02 3.546778564453125000e+02 0.000000000000000000e+00 1.267161569558084011e-03 3.100000000000000000e+01
1.860000000000000000e+02 2.540000000000000000e+02 4.018254089355468750e+01 0.000000000000000000e+00 2.088229870423674583e-03 3.100000000000000000e+01
2.590000000000000000e+02 2.870000000000000000e+02 7.074925231933593750e+01 0.000000000000000000e+00 2.942245453596115112e-03 3.100000000000000000e+01
2.470000000000000000e+02 3.090000000000000000e+02 2.873426513671875000e+02 0.000000000000000000e+00 4.919961560517549515e-03 3.100000000000000000e+01
2.460000000000000000e+02 3.240000000000000000e+02 3.292187805175781250e+02 0.000000000000000000e+00 2.478270791471004486e-03 3.100000000000000000e+01
2.450000000000000000e+02 3.070000000000000000e+02 2.958652954101562500e+02 0.000000000000000000e+00 3.367769764736294746e-03 3.100000000000000000e+01
2.440000000000000000e+02 4.560000000000000000e+02 2.620474548339843750e+02 0.000000000000000000e+00 1.320602488704025745e-03 3.100000000000000000e+01
2.440000000000000000e+02 4.060000000000000000e+02 1.542385101318359375e+00 0.000000000000000000e+00 9.060769225470721722e-04 3.100000000000000000e+01
1.580000000000000000e+02 3.590000000000000000e+02 3.179226989746093750e+02 0.000000000000000000e+00 1.768582849763333797e-03 3.100000000000000000e+01
2.420000000000000000e+02 3.170000000000000000e+02 2.808019714355468750e+02 0.000000000000000000e+00 1.281723962165415287e-03 3.100000000000000000e+01
2.400000000000000000e+02 3.060000000000000000e+02 3.067876586914062500e+02 0.000000000000000000e+00 2.242680173367261887e-03 3.100000000000000000e+01
2.380000000000000000e+02 3.040000000000000000e+02 3.160665588378906250e+02 0.000000000000000000e+00 1.981021370738744736e-03 3.100000000000000000e+01
2.300000000000000000e+02 2.990000000000000000e+02 3.176014709472656250e+02 0.000000000000000000e+00 2.392401220276951790e-03 3.100000000000000000e+01
2.270000000000000000e+02 2.690000000000000000e+02 3.209421997070312500e+02 0.000000000000000000e+00 3.365117823705077171e-03 3.100000000000000000e+01
2.250000000000000000e+02 3.840000000000000000e+02 2.869266357421875000e+02 0.000000000000000000e+00 2.650842303410172462e-03 3.100000000000000000e+01
2.230000000000000000e+02 3.880000000000000000e+02 2.837868347167968750e+02 0.000000000000000000e+00 2.188202459365129471e-03 3.100000000000000000e+01
2.230000000000000000e+02 3.770000000000000000e+02 2.933910522460937500e+02 0.000000000000000000e+00 2.692115260288119316e-03 3.100000000000000000e+01
2.140000000000000000e+02 3.330000000000000000e+02 1.402818908691406250e+02 0.000000000000000000e+00 1.732980483211576939e-03 3.100000000000000000e+01
2.130000000000000000e+02 4.310000000000000000e+02 1.668402671813964844e+01 0.000000000000000000e+00 1.237992895767092705e-03 3.100000000000000000e+01
6.200000000000000000e+01 4.000000000000000000e+02 6.998236083984375000e+01 0.000000000000000000e+00 2.137801377102732658e-03 3.100000000000000000e+01
2.130000000000000000e+02 4.290000000000000000e+02 2.499928665161132812e+01 0.000000000000000000e+00 1.239850651472806931e-03 3.100000000000000000e+01
2.070000000000000000e+02 2.720000000000000000e+02 3.316371154785156250e+02 0.000000000000000000e+00 4.096912685781717300e-03 3.100000000000000000e+01
2.060000000000000000e+02 3.340000000000000000e+02 1.294254913330078125e+02 0.000000000000000000e+00 2.033193595707416534e-03 3.100000000000000000e+01
1.550000000000000000e+02 3.580000000000000000e+02 3.261199340820312500e+02 0.000000000000000000e+00 1.693028258159756660e-03 3.100000000000000000e+01
2.060000000000000000e+02 2.690000000000000000e+02 3.282143554687500000e+02 0.000000000000000000e+00 3.528665984049439430e-03 3.100000000000000000e+01
2.050000000000000000e+02 3.130000000000000000e+02 1.206681213378906250e+02 0.000000000000000000e+00 1.074877101927995682e-03 3.100000000000000000e+01
2.050000000000000000e+02 2.620000000000000000e+02 3.127265930175781250e+02 0.000000000000000000e+00 1.974630402401089668e-03 3.100000000000000000e+01
2.040000000000000000e+02 2.650000000000000000e+02 3.189722900390625000e+02 0.000000000000000000e+00 3.471609437838196754e-03 3.100000000000000000e+01
2.030000000000000000e+02 4.000000000000000000e+02 1.309754943847656250e+02 0.000000000000000000e+00 2.038243226706981659e-03 3.100000000000000000e+01
2.030000000000000000e+02 2.580000000000000000e+02 3.100642700195312500e+02 0.000000000000000000e+00 2.929625101387500763e-03 3.100000000000000000e+01
2.000000000000000000e+02 2.560000000000000000e+02 3.235281066894531250e+02 0.000000000000000000e+00 3.597195493057370186e-03 3.100000000000000000e+01
1.970000000000000000e+02 4.000000000000000000e+02 1.302187347412109375e+02 0.000000000000000000e+00 2.266056137159466743e-03 3.100000000000000000e+01
1.970000000000000000e+02 2.530000000000000000e+02 3.419150695800781250e+02 0.000000000000000000e+00 3.361830487847328186e-03 3.100000000000000000e+01
1.960000000000000000e+02 3.890000000000000000e+02 1.262426452636718750e+02 0.000000000000000000e+00 1.212215283885598183e-03 3.100000000000000000e+01
1.950000000000000000e+02 3.980000000000000000e+02 1.304067077636718750e+02 0.000000000000000000e+00 2.405946375802159309e-03 3.100000000000000000e+01
1.940000000000000000e+02 2.810000000000000000e+02 8.725431060791015625e+01 0.000000000000000000e+00 2.939545316621661186e-03 3.100000000000000000e+01
1.920000000000000000e+02 2.530000000000000000e+02 9.973593711853027344e+00 0.000000000000000000e+00 1.184188178740441799e-03 3.100000000000000000e+01
1.910000000000000000e+02 2.770000000000000000e+02 9.293907165527343750e+01 0.000000000000000000e+00 1.734824036248028278e-03 3.100000000000000000e+01
1.880000000000000000e+02 2.530000000000000000e+02 2.911377143859863281e+01 0.000000000000000000e+00 4.109106492251157761e-03 3.100000000000000000e+01
1.870000000000000000e+02 2.730000000000000000e+02 1.041585845947265625e+02 0.000000000000000000e+00 1.594683970324695110e-03 3.100000000000000000e+01
1.840000000000000000e+02 2.650000000000000000e+02 9.629531860351562500e+01 0.000000000000000000e+00 1.290191430598497391e-03 3.100000000000000000e+01
1.820000000000000000e+02 2.610000000000000000e+02 7.986852264404296875e+01 0.000000000000000000e+00 1.828568987548351288e-03 3.100000000000000000e+01
1.810000000000000000e+02 2.940000000000000000e+02 9.009630584716796875e+01 0.000000000000000000e+00 2.067218767479062080e-03 3.100000000000000000e+01
1.680000000000000000e+02 3.640000000000000000e+02 2.875672912597656250e+02 0.000000000000000000e+00 4.059497732669115067e-03 3.100000000000000000e+01
1.630000000000000000e+02 3.720000000000000000e+02 2.654346313476562500e+02 0.000000000000000000e+00 1.067896955646574497e-03 3.100000000000000000e+01
1.530000000000000000e+02 3.560000000000000000e+02 3.243540649414062500e+02 0.000000000000000000e+00 1.651459489949047565e-03 3.100000000000000000e+01
1.620000000000000000e+02 3.610000000000000000e+02 3.053401184082031250e+02 0.000000000000000000e+00 2.125648315995931625e-03 3.100000000000000000e+01
1.510000000000000000e+02 3.540000000000000000e+02 3.184808654785156250e+02 0.000000000000000000e+00 9.625480743125081062e-04 3.100000000000000000e+01
1.600000000000000000e+02 4.700000000000000000e+02 3.357084960937500000e+02 0.000000000000000000e+00 1.485728658735752106e-03 3.100000000000000000e+01
1.550000000000000000e+02 4.690000000000000000e+02 3.427355651855468750e+02 0.000000000000000000e+00 1.031975494697690010e-03 3.100000000000000000e+01
1.540000000000000000e+02 4.230000000000000000e+02 1.290179748535156250e+02 0.000000000000000000e+00 1.233752351254224777e-03 3.100000000000000000e+01
1.480000000000000000e+02 4.620000000000000000e+02 3.424351806640625000e+02 0.000000000000000000e+00 1.212285715155303478e-03 3.100000000000000000e+01
1.480000000000000000e+02 3.300000000000000000e+02 3.063631591796875000e+02 0.000000000000000000e+00 2.707652049139142036e-03 3.100000000000000000e+01
1.470000000000000000e+02 4.210000000000000000e+02 1.304782409667968750e+02 0.000000000000000000e+00 2.317149657756090164e-03 3.100000000000000000e+01
1.470000000000000000e+02 4.130000000000000000e+02 1.339461364746093750e+02 0.000000000000000000e+00 1.446882379241287708e-03 3.100000000000000000e+01
1.450000000000000000e+02 3.290000000000000000e+02 3.156258850097656250e+02 0.000000000000000000e+00 5.242509767413139343e-03 3.100000000000000000e+01
9.700000000000000000e+01 4.960000000000000000e+02 3.381232604980468750e+02 0.000000000000000000e+00 1.849059015512466431e-03 3.100000000000000000e+01
1.400000000000000000e+02 3.300000000000000000e+02 3.232926025390625000e+02 0.000000000000000000e+00 4.063202999532222748e-03 3.100000000000000000e+01
2.160000000000000000e+02 3.730000000000000000e+02 3.013179321289062500e+02 0.000000000000000000e+00 1.547271851450204849e-03 3.100000000000000000e+01
1.010000000000000000e+02 3.790000000000000000e+02 3.429382629394531250e+02 0.000000000000000000e+00 3.494396805763244629e-03 3.100000000000000000e+01
2.180000000000000000e+02 3.740000000000000000e+02 2.989228210449218750e+02 0.000000000000000000e+00 3.125885967165231705e-03 3.100000000000000000e+01
1.250000000000000000e+02 3.880000000000000000e+02 1.173458251953125000e+02 0.000000000000000000e+00 1.712039113044738770e-03 3.100000000000000000e+01
1.230000000000000000e+02 3.240000000000000000e+02 1.011405849456787109e+01 0.000000000000000000e+00 3.096206346526741982e-03 3.100000000000000000e+01
1.150000000000000000e+02 4.020000000000000000e+02 2.777659912109375000e+02 0.000000000000000000e+00 1.301062991842627525e-03 3.100000000000000000e+01
1.060000000000000000e+02 3.510000000000000000e+02 1.016506652832031250e+02 0.000000000000000000e+00 3.230654867365956306e-03 3.100000000000000000e+01
2.320000000000000000e+02 3.010000000000000000e+02 3.243168945312500000e+02 0.000000000000000000e+00 2.338727237656712532e-03 3.100000000000000000e+01
2.340000000000000000e+02 3.030000000000000000e+02 3.268982849121093750e+02 0.000000000000000000e+00 1.609633211046457291e-03 3.100000000000000000e+01
2.480000000000000000e+02 4.560000000000000000e+02 2.675483703613281250e+02 0.000000000000000000e+00 1.316481037065386772e-03 3.100000000000000000e+01
2.520000000000000000e+02 4.690000000000000000e+02 1.347920379638671875e+02 0.000000000000000000e+00 9.420515852980315685e-04 3.100000000000000000e+01
1.280000000000000000e+02 3.270000000000000000e+02 3.499234619140625000e+02 0.000000000000000000e+00 1.539010670967400074e-03 3.100000000000000000e+01
3.120000000000000000e+02 2.890000000000000000e+02 2.712161865234375000e+02 0.000000000000000000e+00 1.090828678570687771e-03 3.100000000000000000e+01
1.270000000000000000e+02 3.820000000000000000e+02 1.091732177734375000e+02 0.000000000000000000e+00 8.391923620365560055e-04 3.100000000000000000e+01
3.900000000000000000e+01 4.660000000000000000e+02 1.788861999511718750e+02 0.000000000000000000e+00 9.182473877444863319e-04 3.100000000000000000e+01
1.110000000000000000e+02 3.450000000000000000e+02 8.764575195312500000e+01 0.000000000000000000e+00 1.298129092901945114e-03 3.100000000000000000e+01
2.710000000000000000e+02 3.130000000000000000e+02 1.371350250244140625e+02 0.000000000000000000e+00 1.210626331157982349e-03 3.100000000000000000e+01
1.140000000000000000e+02 3.280000000000000000e+02 5.444672012329101562e+01 0.000000000000000000e+00 1.401684829033911228e-03 3.100000000000000000e+01
1.130000000000000000e+02 3.300000000000000000e+02 6.351555252075195312e+01 0.000000000000000000e+00 8.528926991857588291e-04 3.100000000000000000e+01
3.030000000000000000e+02 3.650000000000000000e+02 7.434065246582031250e+01 0.000000000000000000e+00 9.314102353528141975e-04 3.100000000000000000e+01
2.110000000000000000e+02 4.180000000000000000e+02 6.420642089843750000e+01 0.000000000000000000e+00 7.674952503293752670e-04 3.100000000000000000e+01
1.080000000000000000e+02 4.960000000000000000e+02 3.095841674804687500e+02 0.000000000000000000e+00 8.077754173427820206e-04 3.100000000000000000e+01
1.840000000000000000e+02 2.680000000000000000e+02 1.080076828002929688e+02 0.000000000000000000e+00 7.794215925969183445e-04 3.100000000000000000e+01
1.140000000000000000e+02 3.340000000000000000e+02 7.339058685302734375e+01 0.000000000000000000e+00 7.774780387990176678e-04 3.100000000000000000e+01
1.960000000000000000e+02 3.920000000000000000e+02 1.290896301269531250e+02 0.000000000000000000e+00 7.877027965150773525e-04 3.100000000000000000e+01
1.620000000000000000e+02 4.650000000000000000e+02 3.468308410644531250e+02 0.000000000000000000e+00 7.364620687440037727e-04 3.100000000000000000e+01
1.270000000000000000e+02 3.740000000000000000e+02 8.974539947509765625e+01 0.000000000000000000e+00 7.578936638310551643e-04 3.100000000000000000e+01
2.010000000000000000e+02 4.240000000000000000e+02 3.522118225097656250e+02 0.000000000000000000e+00 7.417899323627352715e-04 3.100000000000000000e+01
2.400000000000000000e+02 4.550000000000000000e+02 2.513085021972656250e+02 0.000000000000000000e+00 7.451703422702848911e-04 3.100000000000000000e+01
1.520000000000000000e+02 5.270000000000000000e+02 3.375272521972656250e+02 0.000000000000000000e+00 6.872168160043656826e-04 3.100000000000000000e+01
2.560000000000000000e+02 4.680000000000000000e+02 1.014918594360351562e+02 0.000000000000000000e+00 7.311785011552274227e-04 3.100000000000000000e+01
1.480000000000000000e+02 5.450000000000000000e+02 2.277672576904296875e+02 0.000000000000000000e+00 7.219862891361117363e-04 3.100000000000000000e+01
3.900000000000000000e+01 6.080000000000000000e+02 1.712847137451171875e+02 0.000000000000000000e+00 7.090358994901180267e-04 3.100000000000000000e+01
1.270000000000000000e+02 3.780000000000000000e+02 1.002517089843750000e+02 0.000000000000000000e+00 7.099313661456108093e-04 3.100000000000000000e+01
2.360000000000000000e+02 4.030000000000000000e+02 3.517229614257812500e+02 0.000000000000000000e+00 6.985408836044371128e-04 3.100000000000000000e+01
2.690000000000000000e+02 3.470000000000000000e+02 2.885110473632812500e+02 0.000000000000000000e+00 6.779540563002228737e-04 3.100000000000000000e+01
2.060000000000000000e+02 3.260000000000000000e+02 1.070878295898437500e+02 0.000000000000000000e+00 6.674566539004445076e-04 3.100000000000000000e+01
1.960000000000000000e+02 3.950000000000000000e+02 1.304123840332031250e+02 0.000000000000000000e+00 6.508064689114689827e-04 3.100000000000000000e+01
1.836000061035156250e+02 2.652000122070312500e+02 9.422336578369140625e+01 1.000000000000000000e+00 7.558200741186738014e-04 3.720000076293945312e+01
3.840000152587890625e+01 4.656000061035156250e+02 1.808496246337890625e+02 1.000000000000000000e+00 9.026391780935227871e-04 3.720000076293945312e+01
3.840000152587890625e+01 5.136000366210937500e+02 3.540808105468750000e+02 1.000000000000000000e+00 1.161805703304708004e-03 3.720000076293945312e+01
3.120000000000000000e+02 2.880000000000000000e+02 2.718967285156250000e+02 1.000000000000000000e+00 8.700668695382773876e-04 3.720000076293945312e+01
2.292000122070312500e+02 3.012000122070312500e+02 3.260437927246093750e+02 1.000000000000000000e+00 7.898636977188289165e-04 3.720000076293945312e+01
3.060000000000000000e+02 3.768000183105468750e+02 3.156574821472167969e+01 1.000000000000000000e+00 1.143938163295388222e-03 3.720000076293945312e+01
3.036000061035156250e+02 3.648000183105468750e+02 7.186596679687500000e+01 1.000000000000000000e+00 8.481310796923935413e-04 3.720000076293945312e+01
1.476000061035156250e+02 4.200000305175781250e+02 1.320710296630859375e+02 1.000000000000000000e+00 2.561894943937659264e-03 3.720000076293945312e+01
3.000000000000000000e+02 3.792000122070312500e+02 1.618242645263671875e+01 1.000000000000000000e+00 9.254404576495289803e-04 3.720000076293945312e+01
2.964000244140625000e+02 2.652000122070312500e+02 3.493668823242187500e+02 1.000000000000000000e+00 3.105972427874803543e-03 3.720000076293945312e+01
1.476000061035156250e+02 4.608000183105468750e+02 3.492244567871093750e+02 1.000000000000000000e+00 1.163725159130990505e-03 3.720000076293945312e+01
1.452000122070312500e+02 3.288000183105468750e+02 3.126472778320312500e+02 1.000000000000000000e+00 4.942566622048616409e-03 3.720000076293945312e+01
1.524000091552734375e+02 4.236000061035156250e+02 1.267836074829101562e+02 1.000000000000000000e+00 1.708270516246557236e-03 3.720000076293945312e+01
1.548000030517578125e+02 3.576000061035156250e+02 3.170451049804687500e+02 1.000000000000000000e+00 1.088041113689541817e-03 3.720000076293945312e+01
1.560000000000000000e+02 4.680000305175781250e+02 3.437475280761718750e+02 1.000000000000000000e+00 1.236376119777560234e-03 3.720000076293945312e+01
2.724000244140625000e+02 3.492000122070312500e+02 2.891296386718750000e+02 1.000000000000000000e+00 4.346692934632301331e-03 3.720000076293945312e+01
2.712000122070312500e+02 3.120000000000000000e+02 1.351391906738281250e+02 1.000000000000000000e+00 1.054520602338016033e-03 3.720000076293945312e+01
2.700000000000000000e+02 3.564000244140625000e+02 2.917715148925781250e+02 1.000000000000000000e+00 1.972957747057080269e-03 3.720000076293945312e+01
2.652000122070312500e+02 3.444000244140625000e+02 2.886838073730468750e+02 1.000000000000000000e+00 2.388490363955497742e-03 3.720000076293945312e+01
6.120000076293945312e+01 3.996000061035156250e+02 7.283891296386718750e+01 1.000000000000000000e+00 1.713342498987913132e-03 3.720000076293945312e+01
2.604000244140625000e+02 4.788000183105468750e+02 1.852733306884765625e+02 1.000000000000000000e+00 2.991940360516309738e-03 3.720000076293945312e+01
1.584000091552734375e+02 3.588000183105468750e+02 3.088560180664062500e+02 1.000000000000000000e+00 1.374410232529044151e-03 3.720000076293945312e+01
2.592000122070312500e+02 2.868000183105468750e+02 7.178706359863281250e+01 1.000000000000000000e+00 3.001702018082141876e-03 3.720000076293945312e+01
1.596000061035156250e+02 4.692000122070312500e+02 3.317715759277343750e+02 1.000000000000000000e+00 1.987528754398226738e-03 3.720000076293945312e+01
2.544000091552734375e+02 4.632000122070312500e+02 3.095274543762207031e+01 1.000000000000000000e+00 9.877211414277553558e-04 3.720000076293945312e+01
2.520000152587890625e+02 4.692000122070312500e+02 1.674370117187500000e+02 1.000000000000000000e+00 9.546093642711639404e-04 3.720000076293945312e+01
1.404000091552734375e+02 3.300000000000000000e+02 3.163363952636718750e+02 1.000000000000000000e+00 3.285314189270138741e-03 3.720000076293945312e+01
2.472000122070312500e+02 4.560000305175781250e+02 2.605029907226562500e+02 1.000000000000000000e+00 1.257359050214290619e-03 3.720000076293945312e+01
2.472000122070312500e+02 3.084000244140625000e+02 2.964114990234375000e+02 1.000000000000000000e+00 3.864077851176261902e-03 3.720000076293945312e+01
2.460000152587890625e+02 3.240000000000000000e+02 3.183173828125000000e+02 1.000000000000000000e+00 1.941039692610502243e-03 3.720000076293945312e+01
1.620000000000000000e+02 3.612000122070312500e+02 3.001305847167968750e+02 1.000000000000000000e+00 1.430087490007281303e-03 3.720000076293945312e+01
2.424000091552734375e+02 4.548000183105468750e+02 2.496688232421875000e+02 1.000000000000000000e+00 1.178760780021548271e-03 3.720000076293945312e+01
1.620000000000000000e+02 4.656000061035156250e+02 3.432031555175781250e+02 1.000000000000000000e+00 9.786151349544525146e-04 3.720000076293945312e+01
2.424000091552734375e+02 3.168000183105468750e+02 2.966248779296875000e+02 1.000000000000000000e+00 1.212888979353010654e-03 3.720000076293945312e+01
1.632000122070312500e+02 3.720000000000000000e+02 2.735755615234375000e+02 1.000000000000000000e+00 1.084248535335063934e-03 3.720000076293945312e+01
2.400000152587890625e+02 3.060000000000000000e+02 3.011051635742187500e+02 1.000000000000000000e+00 1.833707210607826710e-03 3.720000076293945312e+01
1.680000000000000000e+02 3.636000061035156250e+02 2.942915039062500000e+02 1.000000000000000000e+00 3.433683188632130623e-03 3.720000076293945312e+01
2.376000061035156250e+02 3.036000061035156250e+02 3.078602905273437500e+02 1.000000000000000000e+00 1.534696784801781178e-03 3.720000076293945312e+01
1.812000122070312500e+02 2.952000122070312500e+02 9.675989532470703125e+01 1.000000000000000000e+00 2.565613016486167908e-03 3.720000076293945312e+01
2.340000152587890625e+02 3.024000244140625000e+02 3.159035949707031250e+02 1.000000000000000000e+00 9.796710219234228134e-04 3.720000076293945312e+01
2.304000091552734375e+02 2.988000183105468750e+02 3.192701416015625000e+02 1.000000000000000000e+00 1.779604586772620678e-03 3.720000076293945312e+01
1.824000091552734375e+02 2.616000061035156250e+02 8.024100494384765625e+01 1.000000000000000000e+00 1.194095006212592125e-03 3.720000076293945312e+01
2.292000122070312500e+02 2.964000244140625000e+02 3.115951538085937500e+02 1.000000000000000000e+00 1.919905538670718670e-03 3.720000076293945312e+01
9.720000457763671875e+01 4.956000061035156250e+02 3.474403381347656250e+02 1.000000000000000000e+00 1.682676956988871098e-03 3.720000076293945312e+01
2.256000061035156250e+02 2.688000183105468750e+02 3.258006286621093750e+02 1.000000000000000000e+00 4.706897772848606110e-03 3.720000076293945312e+01
1.008000030517578125e+02 3.792000122070312500e+02 3.440102539062500000e+02 1.000000000000000000e+00 3.583611221984028816e-03 3.720000076293945312e+01
2.244000091552734375e+02 3.840000000000000000e+02 2.917001342773437500e+02 1.000000000000000000e+00 2.115526469424366951e-03 3.720000076293945312e+01
2.232000122070312500e+02 3.876000061035156250e+02 2.912808837890625000e+02 1.000000000000000000e+00 2.070476533845067024e-03 3.720000076293945312e+01
1.344000091552734375e+02 3.888000183105468750e+02 1.145992431640625000e+02 1.000000000000000000e+00 1.634465297684073448e-03 3.720000076293945312e+01
1.860000000000000000e+02 2.724000244140625000e+02 9.680253601074218750e+01 1.000000000000000000e+00 1.130566699430346489e-03 3.720000076293945312e+01
2.232000122070312500e+02 3.768000183105468750e+02 2.918586425781250000e+02 1.000000000000000000e+00 2.207643119618296623e-03 3.720000076293945312e+01
2.184000091552734375e+02 3.744000244140625000e+02 2.926054687500000000e+02 1.000000000000000000e+00 2.480749040842056274e-03 3.720000076293945312e+01
2.148000030517578125e+02 3.336000061035156250e+02 1.376283264160156250e+02 1.000000000000000000e+00 1.541009754873812199e-03 3.720000076293945312e+01
1.068000030517578125e+02 3.516000061035156250e+02 1.073550796508789062e+02 1.000000000000000000e+00 3.318578936159610748e-03 3.720000076293945312e+01
1.884000091552734375e+02 2.532000122070312500e+02 2.824614143371582031e+01 1.000000000000000000e+00 3.522713668644428253e-03 3.720000076293945312e+01
1.896000061035156250e+02 2.736000061035156250e+02 9.553469085693359375e+01 1.000000000000000000e+00 8.650730596855282784e-04 3.720000076293945312e+01
2.124000091552734375e+02 4.296000061035156250e+02 2.420557785034179688e+01 1.000000000000000000e+00 8.412565803155303001e-04 3.720000076293945312e+01
2.112000122070312500e+02 4.176000061035156250e+02 5.971819686889648438e+01 1.000000000000000000e+00 8.090845076367259026e-04 3.720000076293945312e+01
2.076000061035156250e+02 2.724000244140625000e+02 3.422917480468750000e+02 1.000000000000000000e+00 3.150006057694554329e-03 3.720000076293945312e+01
1.116000061035156250e+02 3.444000244140625000e+02 9.578431701660156250e+01 1.000000000000000000e+00 9.416213724762201309e-04 3.720000076293945312e+01
2.064000091552734375e+02 3.336000061035156250e+02 1.261649780273437500e+02 1.000000000000000000e+00 2.036500955000519753e-03 3.720000076293945312e+01
1.908000030517578125e+02 2.772000122070312500e+02 8.792255401611328125e+01 1.000000000000000000e+00 1.414256868883967400e-03 3.720000076293945312e+01
1.932000122070312500e+02 2.808000183105468750e+02 7.997434234619140625e+01 1.000000000000000000e+00 2.718429313972592354e-03 3.720000076293945312e+01
1.956000061035156250e+02 3.888000183105468750e+02 1.283518524169921875e+02 1.000000000000000000e+00 1.195831573568284512e-03 3.720000076293945312e+01
2.064000091552734375e+02 2.688000183105468750e+02 3.344114685058593750e+02 1.000000000000000000e+00 2.727315295487642288e-03 3.720000076293945312e+01
1.140000076293945312e+02 3.276000061035156250e+02 5.051563262939453125e+01 1.000000000000000000e+00 1.504088519141077995e-03 3.720000076293945312e+01
1.284000091552734375e+02 3.264000244140625000e+02 3.583096923828125000e+02 1.000000000000000000e+00 1.058357418514788151e-03 3.720000076293945312e+01
1.968000030517578125e+02 3.996000061035156250e+02 1.296687316894531250e+02 1.000000000000000000e+00 2.270259894430637360e-03 3.720000076293945312e+01
1.152000045776367188e+02 4.020000305175781250e+02 2.773592834472656250e+02 1.000000000000000000e+00 1.162448781542479992e-03 3.720000076293945312e+01
2.052000122070312500e+02 3.132000122070312500e+02 1.143050537109375000e+02 1.000000000000000000e+00 8.170226356014609337e-04 3.720000076293945312e+01
2.040000152587890625e+02 2.652000122070312500e+02 3.271881713867187500e+02 1.000000000000000000e+00 2.361809136345982552e-03 3.720000076293945312e+01
2.040000152587890625e+02 2.616000061035156250e+02 3.239633483886718750e+02 1.000000000000000000e+00 1.507776207290589809e-03 3.720000076293945312e+01
1.224000015258789062e+02 3.228000183105468750e+02 1.350525856018066406e+01 1.000000000000000000e+00 3.021115902811288834e-03 3.720000076293945312e+01
2.028000030517578125e+02 3.996000061035156250e+02 1.288349609375000000e+02 1.000000000000000000e+00 2.040785970166325569e-03 3.720000076293945312e+01
2.028000030517578125e+02 2.580000000000000000e+02 3.186866149902343750e+02 1.000000000000000000e+00 2.558840904384851456e-03 3.720000076293945312e+01
2.004000091552734375e+02 4.224000244140625000e+02 3.580050659179687500e+02 1.000000000000000000e+00 8.144611492753028870e-04 3.720000076293945312e+01
1.248000030517578125e+02 3.876000061035156250e+02 1.084933395385742188e+02 1.000000000000000000e+00 1.453952514566481113e-03 3.720000076293945312e+01
2.004000091552734375e+02 2.556000061035156250e+02 3.262174682617187500e+02 1.000000000000000000e+00 3.174822079017758369e-03 3.720000076293945312e+01
1.512000122070312500e+02 5.268000488281250000e+02 3.229836425781250000e+02 1.000000000000000000e+00 7.247885805554687977e-04 3.720000076293945312e+01
2.856000061035156250e+02 3.744000244140625000e+02 3.458061523437500000e+02 1.000000000000000000e+00 7.422199123539030552e-04 3.720000076293945312e+01
1.068000030517578125e+02 4.980000305175781250e+02 2.903376464843750000e+02 1.000000000000000000e+00 7.423712522722780704e-04 3.720000076293945312e+01
2.436000061035156250e+02 4.056000061035156250e+02 3.579086608886718750e+02 1.000000000000000000e+00 7.375343702733516693e-04 3.720000076293945312e+01
7.920000457763671875e+01 3.924000244140625000e+02 3.904797363281250000e+01 1.000000000000000000e+00 7.531480514444410801e-04 3.720000076293945312e+01
1.140000076293945312e+02 3.348000183105468750e+02 6.765065002441406250e+01 1.000000000000000000e+00 6.942698964849114418e-04 3.720000076293945312e+01
2.352000122070312500e+02 4.020000305175781250e+02 3.542404479980468750e+02 1.000000000000000000e+00 7.116604829207062721e-04 3.720000076293945312e+01
1.920000000000000000e+02 2.520000152587890625e+02 9.206863403320312500e+00 1.000000000000000000e+00 6.958589074201881886e-04 3.720000076293945312e+01
2.424000091552734375e+02 3.228000183105468750e+02 3.011369934082031250e+02 1.000000000000000000e+00 6.504353950731456280e-04 3.720000076293945312e+01
1.068000030517578125e+02 4.932000122070312500e+02 3.354978027343750000e+02 1.000000000000000000e+00 6.617767503485083580e-04 3.720000076293945312e+01
2.424000091552734375e+02 3.984000244140625000e+02 1.940081787109375000e+01 1.000000000000000000e+00 6.375112570822238922e-04 3.720000076293945312e+01
4.560000228881835938e+01 4.704000244140625000e+02 1.133288803100585938e+02 1.000000000000000000e+00 6.345380097627639771e-04 3.720000076293945312e+01
1.641600036621093750e+02 3.715200195312500000e+02 2.827246704101562500e+02 2.000000000000000000e+00 1.109766773879528046e-03 4.464000320434570312e+01
2.044800109863281250e+02 2.649600219726562500e+02 3.378203735351562500e+02 2.000000000000000000e+00 1.571289729326963425e-03 4.464000320434570312e+01
1.886400146484375000e+02 2.534400024414062500e+02 2.707767295837402344e+01 2.000000000000000000e+00 2.538744360208511353e-03 4.464000320434570312e+01
1.483200073242187500e+02 4.204800109863281250e+02 1.299753570556640625e+02 2.000000000000000000e+00 2.211679238826036453e-03 4.464000320434570312e+01
1.526399993896484375e+02 4.233600158691406250e+02 1.252125244140625000e+02 2.000000000000000000e+00 1.476953388191759586e-03 4.464000320434570312e+01
1.468800048828125000e+02 4.132800292968750000e+02 1.305822448730468750e+02 2.000000000000000000e+00 1.547403982840478420e-03 4.464000320434570312e+01
2.059200134277343750e+02 2.678399963378906250e+02 3.409521789550781250e+02 2.000000000000000000e+00 2.434869064018130302e-03 4.464000320434570312e+01
1.454400024414062500e+02 3.297600097656250000e+02 3.081033935546875000e+02 2.000000000000000000e+00 4.231680184602737427e-03 4.464000320434570312e+01
1.915200042724609375e+02 2.764800109863281250e+02 8.191088867187500000e+01 2.000000000000000000e+00 1.224384061060845852e-03 4.464000320434570312e+01
2.044800109863281250e+02 2.606400146484375000e+02 3.350716552734375000e+02 2.000000000000000000e+00 1.907453173771500587e-03 4.464000320434570312e+01
2.030400085449218750e+02 4.003200073242187500e+02 1.214069519042968750e+02 2.000000000000000000e+00 2.019928535446524620e-03 4.464000320434570312e+01
2.059200134277343750e+02 3.312000122070312500e+02 1.204130783081054688e+02 2.000000000000000000e+00 1.846596482209861279e-03 4.464000320434570312e+01
2.088000030517578125e+02 2.707200012207031250e+02 3.383225097656250000e+02 2.000000000000000000e+00 4.417958203703165054e-03 4.464000320434570312e+01
1.814400024414062500e+02 2.952000122070312500e+02 1.002054519653320312e+02 2.000000000000000000e+00 2.408309141173958778e-03 4.464000320434570312e+01
6.192000198364257812e+01 4.003200073242187500e+02 7.556727600097656250e+01 2.000000000000000000e+00 1.759207923896610737e-03 4.464000320434570312e+01
3.024000244140625000e+02 3.643200073242187500e+02 6.556597900390625000e+01 2.000000000000000000e+00 1.114912447519600391e-03 4.464000320434570312e+01
1.396800079345703125e+02 3.297600097656250000e+02 3.153517761230468750e+02 2.000000000000000000e+00 2.949586603790521622e-03 4.464000320434570312e+01
3.009600219726562500e+02 3.787200012207031250e+02 1.949902725219726562e+01 2.000000000000000000e+00 1.206729095429182053e-03 4.464000320434570312e+01
2.966400146484375000e+02 2.649600219726562500e+02 3.489397277832031250e+02 2.000000000000000000e+00 3.053844207897782326e-03 4.464000320434570312e+01
2.145600128173828125e+02 3.340800170898437500e+02 1.332761383056640625e+02 2.000000000000000000e+00 1.407264266163110733e-03 4.464000320434570312e+01
2.174400024414062500e+02 3.729600219726562500e+02 2.922207336425781250e+02 2.000000000000000000e+00 2.625886583700776100e-03 4.464000320434570312e+01
2.030400085449218750e+02 2.577600097656250000e+02 3.351697692871093750e+02 2.000000000000000000e+00 1.831175177358090878e-03 4.464000320434570312e+01
2.217600097656250000e+02 3.758400268554687500e+02 2.913733520507812500e+02 2.000000000000000000e+00 1.910223742015659809e-03 4.464000320434570312e+01
1.339199981689453125e+02 3.888000183105468750e+02 1.136157150268554688e+02 2.000000000000000000e+00 1.586864702403545380e-03 4.464000320434570312e+01
1.929600067138671875e+02 2.808000183105468750e+02 8.061480712890625000e+01 2.000000000000000000e+00 2.219072543084621429e-03 4.464000320434570312e+01
1.944000091552734375e+02 3.888000183105468750e+02 1.279055023193359375e+02 2.000000000000000000e+00 1.210579881444573402e-03 4.464000320434570312e+01
2.232000122070312500e+02 3.873600158691406250e+02 2.996200561523437500e+02 2.000000000000000000e+00 2.084907842800021172e-03 4.464000320434570312e+01
2.721600036621093750e+02 3.484800109863281250e+02 2.901755371093750000e+02 2.000000000000000000e+00 3.897837596014142036e-03 4.464000320434570312e+01
1.958400115966796875e+02 2.534400024414062500e+02 3.527163085937500000e+02 2.000000000000000000e+00 1.775598619133234024e-03 4.464000320434570312e+01
2.707200012207031250e+02 3.556800231933593750e+02 2.937272338867187500e+02 2.000000000000000000e+00 2.088789828121662140e-03 4.464000320434570312e+01
2.246400146484375000e+02 3.830400085449218750e+02 2.973262023925781250e+02 2.000000000000000000e+00 1.958058448508381844e-03 4.464000320434570312e+01
2.649600219726562500e+02 3.441600036621093750e+02 2.899436035156250000e+02 2.000000000000000000e+00 2.324141329154372215e-03 4.464000320434570312e+01
2.606400146484375000e+02 4.780800170898437500e+02 1.894712829589843750e+02 2.000000000000000000e+00 2.874667756259441376e-03 4.464000320434570312e+01
2.592000122070312500e+02 2.865599975585937500e+02 7.285588836669921875e+01 2.000000000000000000e+00 2.963228151202201843e-03 4.464000320434570312e+01
2.548800048828125000e+02 4.622400207519531250e+02 2.071076507568359375e+02 2.000000000000000000e+00 1.136032165959477425e-03 4.464000320434570312e+01
2.260800018310546875e+02 2.692799987792968750e+02 3.181104431152343750e+02 2.000000000000000000e+00 3.644358366727828979e-03 4.464000320434570312e+01
9.792000579833984375e+01 4.953600158691406250e+02 3.489738464355468750e+02 2.000000000000000000e+00 1.479978673160076141e-03 4.464000320434570312e+01
1.008000030517578125e+02 3.787200012207031250e+02 3.448168640136718750e+02 2.000000000000000000e+00 3.231769427657127380e-03 4.464000320434570312e+01
1.670400085449218750e+02 3.643200073242187500e+02 3.022095642089843750e+02 2.000000000000000000e+00 3.681530477479100227e-03 4.464000320434570312e+01
2.289600067138671875e+02 2.966400146484375000e+02 3.131764526367187500e+02 2.000000000000000000e+00 1.545824226923286915e-03 4.464000320434570312e+01
1.598400115966796875e+02 4.680000305175781250e+02 3.374840087890625000e+02 2.000000000000000000e+00 2.020919928327202797e-03 4.464000320434570312e+01
2.001600036621093750e+02 2.548800048828125000e+02 3.368772583007812500e+02 2.000000000000000000e+00 2.087432891130447388e-03 4.464000320434570312e+01
1.252800064086914062e+02 3.873600158691406250e+02 1.010230560302734375e+02 2.000000000000000000e+00 1.272683264687657356e-03 4.464000320434570312e+01
2.476800079345703125e+02 4.564800109863281250e+02 2.514665222167968750e+02 2.000000000000000000e+00 1.218357705511152744e-03 4.464000320434570312e+01
1.958400115966796875e+02 3.974400024414062500e+02 1.292011413574218750e+02 2.000000000000000000e+00 2.290755510330200195e-03 4.464000320434570312e+01
1.224000015258789062e+02 3.225599975585937500e+02 1.604952621459960938e+01 2.000000000000000000e+00 2.815445885062217712e-03 4.464000320434570312e+01
2.462400054931640625e+02 3.240000000000000000e+02 3.136639099121093750e+02 2.000000000000000000e+00 1.684593851678073406e-03 4.464000320434570312e+01
1.065600051879882812e+02 3.513600158691406250e+02 1.089206848144531250e+02 2.000000000000000000e+00 2.710321685299277306e-03 4.464000320434570312e+01
1.612799987792968750e+02 4.651200256347656250e+02 3.491030883789062500e+02 2.000000000000000000e+00 1.261526020243763924e-03 4.464000320434570312e+01
1.137600021362304688e+02 3.283200073242187500e+02 4.890539550781250000e+01 2.000000000000000000e+00 1.593205495737493038e-03 4.464000320434570312e+01
2.462400054931640625e+02 3.081600036621093750e+02 3.060975036621093750e+02 2.000000000000000000e+00 3.939850721508264542e-03 4.464000320434570312e+01
2.433600158691406250e+02 3.168000183105468750e+02 3.064172668457031250e+02 2.000000000000000000e+00 1.312052481807768345e-03 4.464000320434570312e+01
1.612799987792968750e+02 3.600000000000000000e+02 2.996005249023437500e+02 2.000000000000000000e+00 8.582549635320901871e-04 4.464000320434570312e+01
2.707200012207031250e+02 3.110400085449218750e+02 1.325408020019531250e+02 2.000000000000000000e+00 9.175846935249865055e-04 4.464000320434570312e+01
2.001600036621093750e+02 4.219200134277343750e+02 5.837248802185058594e+00 2.000000000000000000e+00 9.729511220939457417e-04 4.464000320434570312e+01
1.483200073242187500e+02 4.608000183105468750e+02 3.578092346191406250e+02 2.000000000000000000e+00 9.859945857897400856e-04 4.464000320434570312e+01
2.520000152587890625e+02 4.694400329589843750e+02 1.886441802978515625e+02 2.000000000000000000e+00 9.763579000718891621e-04 4.464000320434570312e+01
3.052799987792968750e+02 3.772800292968750000e+02 2.790216255187988281e+01 2.000000000000000000e+00 9.866093751043081284e-04 4.464000320434570312e+01
2.865599975585937500e+02 3.729600219726562500e+02 3.495609130859375000e+02 2.000000000000000000e+00 9.590035188011825085e-04 4.464000320434570312e+01
1.555200042724609375e+02 4.680000305175781250e+02 3.484376220703125000e+02 2.000000000000000000e+00 9.148317039944231510e-04 4.464000320434570312e+01
1.828800048828125000e+02 2.606400146484375000e+02 7.194644165039062500e+01 2.000000000000000000e+00 8.770746644586324692e-04 4.464000320434570312e+01
2.476800079345703125e+02 3.268800048828125000e+02 3.189874572753906250e+02 2.000000000000000000e+00 8.909479365684092045e-04 4.464000320434570312e+01
2.404800109863281250e+02 3.052799987792968750e+02 3.009559936523437500e+02 2.000000000000000000e+00 1.014344277791678905e-03 4.464000320434570312e+01
2.102400054931640625e+02 4.161600036621093750e+02 6.023533248901367188e+01 2.000000000000000000e+00 1.090537873096764088e-03 4.464000320434570312e+01
1.886400146484375000e+02 2.736000061035156250e+02 8.581005859375000000e+01 2.000000000000000000e+00 7.827178342267870903e-04 4.464000320434570312e+01
2.347200164794921875e+02 4.017600097656250000e+02 3.531377258300781250e+02 2.000000000000000000e+00 8.133394876495003700e-04 4.464000320434570312e+01
1.108800048828125000e+02 3.441600036621093750e+02 1.001464309692382812e+02 2.000000000000000000e+00 8.226562640629708767e-04 4.464000320434570312e+01
2.419200134277343750e+02 4.536000061035156250e+02 2.413868560791015625e+02 2.000000000000000000e+00 8.417794015258550644e-04 4.464000320434570312e+01
7.631999969482421875e+01 3.931200256347656250e+02 4.484202575683593750e+01 2.000000000000000000e+00 7.986270356923341751e-04 4.464000320434570312e+01
2.433600158691406250e+02 4.046400146484375000e+02 3.569291381835937500e+02 2.000000000000000000e+00 6.672263843938708305e-04 4.464000320434570312e+01
1.512000122070312500e+02 5.270400390625000000e+02 2.703778076171875000e+02 2.000000000000000000e+00 7.182310218922793865e-04 4.464000320434570312e+01
2.419200134277343750e+02 3.974400024414062500e+02 1.359603691101074219e+01 2.000000000000000000e+00 7.126017007976770401e-04 4.464000320434570312e+01
1.929600067138671875e+02 2.520000152587890625e+02 5.470732688903808594e+00 2.000000000000000000e+00 7.662108982913196087e-04 4.464000320434570312e+01
1.843200073242187500e+02 2.692799987792968750e+02 8.684936523437500000e+01 2.000000000000000000e+00 7.596150389872491360e-04 4.464000320434570312e+01
2.289600067138671875e+02 3.009600219726562500e+02 3.157443542480468750e+02 2.000000000000000000e+00 6.634371820837259293e-04 4.464000320434570312e+01
1.140480117797851562e+02 4.008960266113281250e+02 2.758054199218750000e+02 3.000000000000000000e+00 8.322747307829558849e-04 5.356800460815429688e+01
3.041280212402343750e+02 3.767040405273437500e+02 2.598377990722656250e+01 3.000000000000000000e+00 8.778648334555327892e-04 5.356800460815429688e+01
2.177280273437500000e+02 3.732480468750000000e+02 2.936920776367187500e+02 3.000000000000000000e+00 2.313375240191817284e-03 5.356800460815429688e+01
2.142720184326171875e+02 3.335040283203125000e+02 1.230172576904296875e+02 3.000000000000000000e+00 1.139396801590919495e-03 5.356800460815429688e+01
6.220800781250000000e+01 3.991680297851562500e+02 6.460704040527343750e+01 3.000000000000000000e+00 1.491052214987576008e-03 5.356800460815429688e+01
2.090880126953125000e+02 4.164480285644531250e+02 5.946551132202148438e+01 3.000000000000000000e+00 1.178860431537032127e-03 5.356800460815429688e+01
2.090880126953125000e+02 2.712960205078125000e+02 3.311895141601562500e+02 3.000000000000000000e+00 3.163520945236086845e-03 5.356800460815429688e+01
3.006720275878906250e+02 3.784320373535156250e+02 2.015881538391113281e+01 3.000000000000000000e+00 1.087096636183559895e-03 5.356800460815429688e+01
2.229120178222656250e+02 3.888000488281250000e+02 3.132888488769531250e+02 3.000000000000000000e+00 2.239677356556057930e-03 5.356800460815429688e+01
2.056320190429687500e+02 3.317760314941406250e+02 1.102900466918945312e+02 3.000000000000000000e+00 1.387684955261647701e-03 5.356800460815429688e+01
2.246400146484375000e+02 2.695680236816406250e+02 3.109036865234375000e+02 3.000000000000000000e+00 3.633468644693493843e-03 5.356800460815429688e+01
2.954880371093750000e+02 2.661120300292968750e+02 3.558777770996093750e+02 3.000000000000000000e+00 3.063064301386475563e-03 5.356800460815429688e+01
2.021760253906250000e+02 4.008960266113281250e+02 1.031152572631835938e+02 3.000000000000000000e+00 1.954292180016636848e-03 5.356800460815429688e+01
2.246400146484375000e+02 3.818880310058593750e+02 3.066330261230468750e+02 3.000000000000000000e+00 2.112615387886762619e-03 5.356800460815429688e+01
2.021760253906250000e+02 2.592000122070312500e+02 3.548014221191406250e+02 3.000000000000000000e+00 1.400396227836608887e-03 5.356800460815429688e+01
1.969920196533203125e+02 3.974400329589843750e+02 1.181251525878906250e+02 3.000000000000000000e+00 2.232624916359782219e-03 5.356800460815429688e+01
1.935360107421875000e+02 3.905280456542968750e+02 1.261426391601562500e+02 3.000000000000000000e+00 1.775930053554475307e-03 5.356800460815429688e+01
1.918080139160156250e+02 2.799360351562500000e+02 8.698633575439453125e+01 3.000000000000000000e+00 1.644198899157345295e-03 5.356800460815429688e+01
1.883520202636718750e+02 2.522880249023437500e+02 2.497855186462402344e+01 3.000000000000000000e+00 1.579873263835906982e-03 5.356800460815429688e+01
1.814400177001953125e+02 2.937600402832031250e+02 1.060385131835937500e+02 3.000000000000000000e+00 2.638168865814805031e-03 5.356800460815429688e+01
1.658880157470703125e+02 3.628800354003906250e+02 3.135372924804687500e+02 3.000000000000000000e+00 3.256241558119654655e-03 5.356800460815429688e+01
1.641600189208984375e+02 3.715200500488281250e+02 2.948118286132812500e+02 3.000000000000000000e+00 1.212692353874444962e-03 5.356800460815429688e+01
1.589760131835937500e+02 4.682880554199218750e+02 3.412949829101562500e+02 3.000000000000000000e+00 1.472073141485452652e-03 5.356800460815429688e+01
1.520640106201171875e+02 4.233600463867187500e+02 1.216750717163085938e+02 3.000000000000000000e+00 1.649212324991822243e-03 5.356800460815429688e+01
9.849600982666015625e+01 4.942080383300781250e+02 3.444068603515625000e+02 3.000000000000000000e+00 1.399492495693266392e-03 5.356800460815429688e+01
1.002240066528320312e+02 3.784320373535156250e+02 3.498072814941406250e+02 3.000000000000000000e+00 3.268938977271318436e-03 5.356800460815429688e+01
1.486080169677734375e+02 4.199040527343750000e+02 1.260967483520507812e+02 3.000000000000000000e+00 2.281498629599809647e-03 5.356800460815429688e+01
2.436480255126953125e+02 3.162240295410156250e+02 3.121090087890625000e+02 3.000000000000000000e+00 1.287200837396085262e-03 5.356800460815429688e+01
2.453760223388671875e+02 3.075840148925781250e+02 3.164302978515625000e+02 3.000000000000000000e+00 3.459404455497860909e-03 5.356800460815429688e+01
1.451520080566406250e+02 3.300480346679687500e+02 3.079416503906250000e+02 3.000000000000000000e+00 3.544818377122282982e-03 5.356800460815429688e+01
1.382400207519531250e+02 3.283200378417968750e+02 3.220283203125000000e+02 3.000000000000000000e+00 2.204305026680231094e-03 5.356800460815429688e+01
1.330560150146484375e+02 3.888000488281250000e+02 1.169043273925781250e+02 3.000000000000000000e+00 1.553548267111182213e-03 5.356800460815429688e+01
1.071360092163085938e+02 3.507840270996093750e+02 1.111079940795898438e+02 3.000000000000000000e+00 2.577479230239987373e-03 5.356800460815429688e+01
1.261440124511718750e+02 3.870720214843750000e+02 1.056290740966796875e+02 3.000000000000000000e+00 1.204550848342478275e-03 5.356800460815429688e+01
1.209600143432617188e+02 3.231360168457031250e+02 2.350304031372070312e+01 3.000000000000000000e+00 2.179702278226613998e-03 5.356800460815429688e+01
2.695680236816406250e+02 3.559680480957031250e+02 2.966930541992187500e+02 3.000000000000000000e+00 2.179371658712625504e-03 5.356800460815429688e+01
2.592000122070312500e+02 2.868480224609375000e+02 6.988858032226562500e+01 3.000000000000000000e+00 2.854364225640892982e-03 5.356800460815429688e+01
2.592000122070312500e+02 4.769280395507812500e+02 1.932020111083984375e+02 3.000000000000000000e+00 2.674107905477285385e-03 5.356800460815429688e+01
2.695680236816406250e+02 3.490560302734375000e+02 2.916626586914062500e+02 3.000000000000000000e+00 4.885428119450807571e-03 5.356800460815429688e+01
2.661120300292968750e+02 3.438720397949218750e+02 2.936135253906250000e+02 3.000000000000000000e+00 3.011917928233742714e-03 5.356800460815429688e+01
1.140480117797851562e+02 3.283200378417968750e+02 4.288317108154296875e+01 3.000000000000000000e+00 1.408060546964406967e-03 5.356800460815429688e+01
2.436480255126953125e+02 3.196800231933593750e+02 3.109301452636718750e+02 3.000000000000000000e+00 2.436537528410553932e-03 5.356800460815429688e+01
2.436480255126953125e+02 4.527360534667968750e+02 2.385303802490234375e+02 3.000000000000000000e+00 9.488142677582800388e-04 5.356800460815429688e+01
2.350080261230468750e+02 4.008960266113281250e+02 3.479530029296875000e+02 3.000000000000000000e+00 9.820837294682860374e-04 5.356800460815429688e+01
1.468800201416015625e+02 4.596480407714843750e+02 3.522842884063720703e+00 3.000000000000000000e+00 9.968089871108531952e-04 5.356800460815429688e+01
2.851200256347656250e+02 3.732480468750000000e+02 3.542262573242187500e+02 3.000000000000000000e+00 1.100486726500093937e-03 5.356800460815429688e+01
2.453760223388671875e+02 3.231360168457031250e+02 3.098759765625000000e+02 3.000000000000000000e+00 1.528483233414590359e-03 5.356800460815429688e+01
2.522880249023437500e+02 4.579200439453125000e+02 2.290624694824218750e+02 3.000000000000000000e+00 9.640983771532773972e-04 5.356800460815429688e+01
2.712960205078125000e+02 3.110400390625000000e+02 1.332113647460937500e+02 3.000000000000000000e+00 1.012591761536896229e-03 5.356800460815429688e+01
2.039040222167968750e+02 2.643840332031250000e+02 3.543131103515625000e+02 3.000000000000000000e+00 9.058382711373269558e-04 5.356800460815429688e+01
3.006720275878906250e+02 3.628800354003906250e+02 5.749517822265625000e+01 3.000000000000000000e+00 1.332845073193311691e-03 5.356800460815429688e+01
2.229120178222656250e+02 3.767040405273437500e+02 2.953729248046875000e+02 3.000000000000000000e+00 1.684477902017533779e-03 5.356800460815429688e+01
2.592000122070312500e+02 3.283200378417968750e+02 3.125526123046875000e+02 3.000000000000000000e+00 9.458422427996993065e-04 5.356800460815429688e+01
2.540160217285156250e+02 4.613760375976562500e+02 2.099588775634765625e+02 3.000000000000000000e+00 1.157255261205136776e-03 5.356800460815429688e+01
2.280960235595703125e+02 2.954880371093750000e+02 3.008331909179687500e+02 3.000000000000000000e+00 1.264984835870563984e-03 5.356800460815429688e+01
1.918080139160156250e+02 2.522880249023437500e+02 1.185755538940429688e+01 3.000000000000000000e+00 9.076828137040138245e-04 5.356800460815429688e+01
1.451520080566406250e+02 4.129920349121093750e+02 1.231760253906250000e+02 3.000000000000000000e+00 1.538403681479394436e-03 5.356800460815429688e+01
2.505600280761718750e+02 4.700160522460937500e+02 1.974369201660156250e+02 3.000000000000000000e+00 1.001006807200610638e-03 5.356800460815429688e+01
2.021760253906250000e+02 4.216320495605468750e+02 2.576662826538085938e+01 3.000000000000000000e+00 1.145946676842868328e-03 5.356800460815429688e+01
7.776000976562500000e+01 3.922560424804687500e+02 5.026443099975585938e+01 3.000000000000000000e+00 1.038211863487958908e-03 5.356800460815429688e+01
2.471040191650390625e+02 3.265920410156250000e+02 3.088695068359375000e+02 3.000000000000000000e+00 7.722000591456890106e-04 5.356800460815429688e+01
2.401920166015625000e+02 3.041280212402343750e+02 3.061326904296875000e+02 3.000000000000000000e+00 7.796181598678231239e-04 5.356800460815429688e+01
2.419200286865234375e+02 3.248640441894531250e+02 3.090248718261718750e+02 3.000000000000000000e+00 7.652813219465315342e-04 5.356800460815429688e+01
1.824768218994140625e+02 2.944512329101562500e+02 1.104234848022460938e+02 4.000000000000000000e+00 2.521806629374623299e-03 6.428160858154296875e+01
1.451520233154296875e+02 3.297024536132812500e+02 3.140239562988281250e+02 4.000000000000000000e+00 2.729207510128617287e-03 6.428160858154296875e+01
2.239488372802734375e+02 3.815424499511718750e+02 3.107884826660156250e+02 4.000000000000000000e+00 3.584932535886764526e-03 6.428160858154296875e+01
1.658880310058593750e+02 3.649536437988281250e+02 3.238143310546875000e+02 4.000000000000000000e+00 3.627309808507561684e-03 6.428160858154296875e+01
2.446848297119140625e+02 3.089664306640625000e+02 3.235021057128906250e+02 4.000000000000000000e+00 4.348221234977245331e-03 6.428160858154296875e+01
2.239488372802734375e+02 2.695680236816406250e+02 3.096917724609375000e+02 4.000000000000000000e+00 3.048756392672657967e-03 6.428160858154296875e+01
9.953281402587890625e+01 3.794688415527343750e+02 5.935047626495361328e+00 4.000000000000000000e+00 3.322092583402991295e-03 6.428160858154296875e+01
2.612736511230468750e+02 2.882304382324218750e+02 6.479278564453125000e+01 4.000000000000000000e+00 2.620673505589365959e-03 6.428160858154296875e+01
2.674944458007812500e+02 3.442176513671875000e+02 2.999704589843750000e+02 4.000000000000000000e+00 3.140405286103487015e-03 6.428160858154296875e+01
2.695680236816406250e+02 3.504384460449218750e+02 2.982781066894531250e+02 4.000000000000000000e+00 4.135781899094581604e-03 6.428160858154296875e+01
2.094336242675781250e+02 3.587328491210937500e+02 3.592900085449218750e+02 4.000000000000000000e+00 1.809085486456751823e-03 6.428160858154296875e+01
2.218752288818359375e+02 3.773952636718750000e+02 3.022122497558593750e+02 4.000000000000000000e+00 2.447607461363077164e-03 6.428160858154296875e+01
2.239488372802734375e+02 3.877632446289062500e+02 3.261227416992187500e+02 4.000000000000000000e+00 1.866384875029325485e-03 6.428160858154296875e+01
1.389312133789062500e+02 3.297024536132812500e+02 3.269546203613281250e+02 4.000000000000000000e+00 1.819339930079877377e-03 6.428160858154296875e+01
2.094336242675781250e+02 2.695680236816406250e+02 3.382006225585937500e+02 4.000000000000000000e+00 2.449236111715435982e-03 6.428160858154296875e+01
2.446848297119140625e+02 3.172608337402343750e+02 3.163508605957031250e+02 4.000000000000000000e+00 2.429689513519406319e-03 6.428160858154296875e+01
1.223424148559570312e+02 3.234816589355468750e+02 1.830613136291503906e+01 4.000000000000000000e+00 1.970286248251795769e-03 6.428160858154296875e+01
2.592000427246093750e+02 3.297024536132812500e+02 3.035205383300781250e+02 4.000000000000000000e+00 1.843964681029319763e-03 6.428160858154296875e+01
2.716416320800781250e+02 3.566592407226562500e+02 3.087329711914062500e+02 4.000000000000000000e+00 1.961791422218084335e-03 6.428160858154296875e+01
2.592000427246093750e+02 4.769280700683593750e+02 1.985148010253906250e+02 4.000000000000000000e+00 2.235770691186189651e-03 6.428160858154296875e+01
1.078272171020507812e+02 3.525120544433593750e+02 1.065980072021484375e+02 4.000000000000000000e+00 1.944854855537414551e-03 6.428160858154296875e+01
2.177280273437500000e+02 3.732480468750000000e+02 3.029037170410156250e+02 4.000000000000000000e+00 1.932216109707951546e-03 6.428160858154296875e+01
1.264896163940429688e+02 3.877632446289062500e+02 1.205994262695312500e+02 4.000000000000000000e+00 1.076926593668758869e-03 6.428160858154296875e+01
1.534464263916015625e+02 4.250880737304687500e+02 1.135740737915039062e+02 4.000000000000000000e+00 1.201175735332071781e-03 6.428160858154296875e+01
2.405376281738281250e+02 3.960576477050781250e+02 3.570791931152343750e+02 4.000000000000000000e+00 1.090054982341825962e-03 6.428160858154296875e+01
1.638144226074218750e+02 3.732480468750000000e+02 3.061590576171875000e+02 4.000000000000000000e+00 1.252939575351774693e-03 6.428160858154296875e+01
2.301696319580078125e+02 2.965248413085937500e+02 2.956869812011718750e+02 4.000000000000000000e+00 1.426929375156760216e-03 6.428160858154296875e+01
2.861568298339843750e+02 3.732480468750000000e+02 1.103623986244201660e+00 4.000000000000000000e+00 1.234548399224877357e-03 6.428160858154296875e+01
1.949184265136718750e+02 3.898368530273437500e+02 1.206862335205078125e+02 4.000000000000000000e+00 1.352050225250422955e-03 6.428160858154296875e+01
1.140480194091796875e+02 3.297024536132812500e+02 4.803622436523437500e+01 4.000000000000000000e+00 1.214885851368308067e-03 6.428160858154296875e+01
2.052864227294921875e+02 3.545856628417968750e+02 1.718051338195800781e+01 4.000000000000000000e+00 1.133702578954398632e-03 6.428160858154296875e+01
1.492992248535156250e+02 4.209408569335937500e+02 1.182938156127929688e+02 4.000000000000000000e+00 1.783288433216512203e-03 6.428160858154296875e+01
2.592000427246093750e+02 4.686336669921875000e+02 2.025343017578125000e+02 4.000000000000000000e+00 1.166566624306142330e-03 6.428160858154296875e+01
2.571264343261718750e+02 4.624128723144531250e+02 2.082655639648437500e+02 4.000000000000000000e+00 1.311209634877741337e-03 6.428160858154296875e+01
2.032128295898437500e+02 4.002048645019531250e+02 8.751155090332031250e+01 4.000000000000000000e+00 1.647505909204483032e-03 6.428160858154296875e+01
2.550528411865234375e+02 3.255552368164062500e+02 3.081205444335937500e+02 4.000000000000000000e+00 1.142231631092727184e-03 6.428160858154296875e+01
2.094336242675781250e+02 4.167936706542968750e+02 4.758190155029296875e+01 4.000000000000000000e+00 1.387050375342369080e-03 6.428160858154296875e+01
1.907712249755859375e+02 2.820096435546875000e+02 8.966884613037109375e+01 4.000000000000000000e+00 1.290711108595132828e-03 6.428160858154296875e+01
1.347840118408203125e+02 3.898368530273437500e+02 1.225057525634765625e+02 4.000000000000000000e+00 1.331239007413387299e-03 6.428160858154296875e+01
2.467584381103515625e+02 3.234816589355468750e+02 3.098900451660156250e+02 4.000000000000000000e+00 1.805803272873163223e-03 6.428160858154296875e+01
2.384640350341796875e+02 4.002048645019531250e+02 3.501649475097656250e+02 4.000000000000000000e+00 1.789235509932041168e-03 6.428160858154296875e+01
1.969920349121093750e+02 3.981312561035156250e+02 9.759831237792968750e+01 4.000000000000000000e+00 1.797959906980395317e-03 6.428160858154296875e+01
2.073600311279296875e+02 3.317760620117187500e+02 1.053469390869140625e+02 4.000000000000000000e+00 1.310869934968650341e-03 6.428160858154296875e+01
2.011392211914062500e+02 4.230144653320312500e+02 4.065100097656250000e+01 4.000000000000000000e+00 1.336028100922703743e-03 6.428160858154296875e+01
2.405376281738281250e+02 3.048192443847656250e+02 3.149493408203125000e+02 4.000000000000000000e+00 1.559442025609314442e-03 6.428160858154296875e+01
1.451520233154296875e+02 4.147200622558593750e+02 1.222567825317382812e+02 4.000000000000000000e+00 1.499637728556990623e-03 6.428160858154296875e+01
1.907712249755859375e+02 3.587328491210937500e+02 3.171189498901367188e+01 4.000000000000000000e+00 9.900280274450778961e-04 6.428160858154296875e+01
9.953281402587890625e+01 4.955904846191406250e+02 3.306786193847656250e+02 4.000000000000000000e+00 1.040330505929887295e-03 6.428160858154296875e+01
1.886976318359375000e+02 2.529792327880859375e+02 2.709925079345703125e+01 4.000000000000000000e+00 1.076425309292972088e-03 6.428160858154296875e+01
2.488320312500000000e+02 4.582656555175781250e+02 2.170443878173828125e+02 4.000000000000000000e+00 1.029107253998517990e-03 6.428160858154296875e+01
1.472256164550781250e+02 4.603392639160156250e+02 9.833998680114746094e+00 4.000000000000000000e+00 9.792479686439037323e-04 6.428160858154296875e+01
7.879681396484375000e+01 3.939840698242187500e+02 5.129402923583984375e+01 4.000000000000000000e+00 9.752938640303909779e-04 6.428160858154296875e+01
1.940890045166015625e+02 3.906663208007812500e+02 7.564718627929687500e+01 5.000000000000000000e+00 1.581998309120535851e-03 7.713793945312500000e+01
2.090189361572265625e+02 4.155495300292968750e+02 3.848749160766601562e+01 5.000000000000000000e+00 1.666083117015659809e-03 7.713793945312500000e+01
2.090189361572265625e+02 3.583181762695312500e+02 3.151616477966308594e+01 5.000000000000000000e+00 2.558831823989748955e-03 7.713793945312500000e+01
1.642291564941406250e+02 3.632947998046875000e+02 3.262255554199218750e+02 5.000000000000000000e+00 3.156726248562335968e-03 7.713793945312500000e+01
1.965773315429687500e+02 3.533415222167968750e+02 4.137928771972656250e+01 5.000000000000000000e+00 1.693003228865563869e-03 7.713793945312500000e+01
2.214605255126953125e+02 3.807130432128906250e+02 3.404691772460937500e+02 5.000000000000000000e+00 3.039094619452953339e-03 7.713793945312500000e+01
2.712269592285156250e+02 3.558298339843750000e+02 3.298623046875000000e+02 5.000000000000000000e+00 1.958654029294848442e-03 7.713793945312500000e+01
2.712269592285156250e+02 3.483648681640625000e+02 3.255649719238281250e+02 5.000000000000000000e+00 3.081773640587925911e-03 7.713793945312500000e+01
2.090189361572265625e+02 2.687386169433593750e+02 3.447149658203125000e+02 5.000000000000000000e+00 1.900055329315364361e-03 7.713793945312500000e+01
2.239488525390625000e+02 2.687386169433593750e+02 3.132047424316406250e+02 5.000000000000000000e+00 2.531424397602677345e-03 7.713793945312500000e+01
9.953282165527343750e+01 3.807130432128906250e+02 1.645936965942382812e+01 5.000000000000000000e+00 3.532140515744686127e-03 7.713793945312500000e+01
2.239488525390625000e+02 3.881780090332031250e+02 1.301790046691894531e+01 5.000000000000000000e+00 1.757886959239840508e-03 7.713793945312500000e+01
2.363904571533203125e+02 3.981312866210937500e+02 1.108987998962402344e+01 5.000000000000000000e+00 1.892903936095535755e-03 7.713793945312500000e+01
2.015539703369140625e+02 4.205261840820312500e+02 5.454930496215820312e+01 5.000000000000000000e+00 1.844597514718770981e-03 7.713793945312500000e+01
2.662503051757812500e+02 3.433882446289062500e+02 3.105719299316406250e+02 5.000000000000000000e+00 2.652254654094576836e-03 7.713793945312500000e+01
1.443226013183593750e+02 3.309466247558593750e+02 3.257655029296875000e+02 5.000000000000000000e+00 3.133619669824838638e-03 7.713793945312500000e+01
2.040422821044921875e+02 3.533415222167968750e+02 4.010350799560546875e+01 5.000000000000000000e+00 1.866927137598395348e-03 7.713793945312500000e+01
2.612736511230468750e+02 4.752692260742187500e+02 2.023284759521484375e+02 5.000000000000000000e+00 2.412337344139814377e-03 7.713793945312500000e+01
1.094861068725585938e+02 3.508532104492187500e+02 8.828136444091796875e+01 5.000000000000000000e+00 2.021781634539365768e-03 7.713793945312500000e+01
2.612736511230468750e+02 2.861568603515625000e+02 5.088646316528320312e+01 5.000000000000000000e+00 2.382353181019425392e-03 7.713793945312500000e+01
2.587853393554687500e+02 3.284583129882812500e+02 2.946156921386718750e+02 5.000000000000000000e+00 2.091084374114871025e-03 7.713793945312500000e+01
1.841357269287109375e+02 2.936218261718750000e+02 1.105667190551757812e+02 5.000000000000000000e+00 2.451109932735562325e-03 7.713793945312500000e+01
2.438554229736328125e+02 3.085517578125000000e+02 3.247398376464843750e+02 5.000000000000000000e+00 4.053025972098112106e-03 7.713793945312500000e+01
1.318809967041015625e+02 3.906663208007812500e+02 1.349470520019531250e+02 5.000000000000000000e+00 1.893660053610801697e-03 7.713793945312500000e+01
2.463437347412109375e+02 3.185050354003906250e+02 3.176300048828125000e+02 5.000000000000000000e+00 3.138611791655421257e-03 7.713793945312500000e+01
1.219277114868164062e+02 3.234816894531250000e+02 1.893281173706054688e+01 5.000000000000000000e+00 2.190157538279891014e-03 7.713793945312500000e+01
1.443226013183593750e+02 4.130612182617187500e+02 1.287331848144531250e+02 5.000000000000000000e+00 1.201345352455973625e-03 7.713793945312500000e+01
2.538087005615234375e+02 3.259700012207031250e+02 3.019154968261718750e+02 5.000000000000000000e+00 1.357901375740766525e-03 7.713793945312500000e+01
1.891123657226562500e+02 2.811802368164062500e+02 8.389031982421875000e+01 5.000000000000000000e+00 1.296478207223117352e-03 7.713793945312500000e+01
2.040422821044921875e+02 4.006196289062500000e+02 2.921136283874511719e+01 5.000000000000000000e+00 1.310819294303655624e-03 7.713793945312500000e+01
1.642291564941406250e+02 3.707597656250000000e+02 3.257895812988281250e+02 5.000000000000000000e+00 1.217857818119227886e-03 7.713793945312500000e+01
1.269043502807617188e+02 3.856896972656250000e+02 1.232761383056640625e+02 5.000000000000000000e+00 1.208281260915100574e-03 7.713793945312500000e+01
2.164838867187500000e+02 3.707597656250000000e+02 3.597450256347656250e+02 5.000000000000000000e+00 1.371096237562596798e-03 7.713793945312500000e+01
1.965773315429687500e+02 3.981312866210937500e+02 6.610654449462890625e+01 5.000000000000000000e+00 1.315756118856370449e-03 7.713793945312500000e+01
1.368576354980468750e+02 3.956429748535156250e+02 1.400247650146484375e+02 5.000000000000000000e+00 1.304156961850821972e-03 7.713793945312500000e+01
1.891123657226562500e+02 2.538087005615234375e+02 2.883858871459960938e+01 5.000000000000000000e+00 1.021571340970695019e-03 7.713793945312500000e+01
2.139955749511718750e+02 3.334349670410156250e+02 1.043313903808593750e+02 5.000000000000000000e+00 1.090993639081716537e-03 7.713793945312500000e+01
2.637619934082031250e+02 3.334349670410156250e+02 2.931584777832031250e+02 5.000000000000000000e+00 1.122245565056800842e-03 7.713793945312500000e+01
2.065306091308593750e+02 3.309466247558593750e+02 1.017915573120117188e+02 5.000000000000000000e+00 1.033778651617467403e-03 7.713793945312500000e+01
2.289254913330078125e+02 2.936218261718750000e+02 3.063958129882812500e+02 5.000000000000000000e+00 1.154345925897359848e-03 7.713793945312500000e+01
2.413670959472656250e+02 3.956429748535156250e+02 1.355786418914794922e+01 5.000000000000000000e+00 1.115017337724566460e-03 7.713793945312500000e+01
1.468109130859375000e+02 4.205261840820312500e+02 9.977230834960937500e+01 5.000000000000000000e+00 1.012213295325636864e-03 7.713793945312500000e+01
2.314138183593750000e+02 2.985984802246093750e+02 3.070443115234375000e+02 5.000000000000000000e+00 9.893564274534583092e-04 7.713793945312500000e+01
2.562970275878906250e+02 4.578509826660156250e+02 2.102386016845703125e+02 5.000000000000000000e+00 9.855012176558375359e-04 7.713793945312500000e+01
1.851310577392578125e+02 2.926265258789062500e+02 9.998381042480468750e+01 6.000000000000000000e+00 2.313964301720261574e-03 9.256552886962890625e+01
9.853749847412109375e+01 3.792200622558593750e+02 3.442633438110351562e+01 6.000000000000000000e+00 3.103231545537710190e-03 9.256552886962890625e+01
2.418647766113281250e+02 3.075564270019531250e+02 3.309573974609375000e+02 6.000000000000000000e+00 3.564842743799090385e-03 9.256552886962890625e+01
2.000609741210937500e+02 3.523461914062500000e+02 5.338936614990234375e+01 6.000000000000000000e+00 2.807668177410960197e-03 9.256552886962890625e+01
2.209628753662109375e+02 3.792200622558593750e+02 5.621836090087890625e+01 6.000000000000000000e+00 2.359816804528236389e-03 9.256552886962890625e+01
1.642291564941406250e+02 3.642901611328125000e+02 3.406778869628906250e+02 6.000000000000000000e+00 2.761591225862503052e-03 9.256552886962890625e+01
1.433272705078125000e+02 3.314443054199218750e+02 3.367088317871093750e+02 6.000000000000000000e+00 3.065002616494894028e-03 9.256552886962890625e+01
1.194393920898437500e+02 3.254723510742187500e+02 2.907668495178222656e+01 6.000000000000000000e+00 3.073080675676465034e-03 9.256552886962890625e+01
2.478367309570312500e+02 3.165144042968750000e+02 3.356074829101562500e+02 6.000000000000000000e+00 3.892084816470742226e-03 9.256552886962890625e+01
1.104814376831054688e+02 3.493602294921875000e+02 6.444551849365234375e+01 6.000000000000000000e+00 1.682142261415719986e-03 9.256552886962890625e+01
2.627666625976562500e+02 2.866545410156250000e+02 2.894795227050781250e+01 6.000000000000000000e+00 2.286256058141589165e-03 9.256552886962890625e+01
2.090189361572265625e+02 4.150518798828125000e+02 3.449858856201171875e+01 6.000000000000000000e+00 1.816251664422452450e-03 9.256552886962890625e+01
2.538087158203125000e+02 3.254723510742187500e+02 3.100573730468750000e+02 6.000000000000000000e+00 2.142057055607438087e-03 9.256552886962890625e+01
2.627666625976562500e+02 4.747715759277343750e+02 2.040905151367187500e+02 6.000000000000000000e+00 2.045558532699942589e-03 9.256552886962890625e+01
2.000609741210937500e+02 4.180378723144531250e+02 5.298618698120117188e+01 6.000000000000000000e+00 2.166818827390670776e-03 9.256552886962890625e+01
2.239488525390625000e+02 2.687386474609375000e+02 3.282590026855468750e+02 6.000000000000000000e+00 2.264707814902067184e-03 9.256552886962890625e+01
2.090189361572265625e+02 2.657526550292968750e+02 3.527242431640625000e+02 6.000000000000000000e+00 1.796909607946872711e-03 9.256552886962890625e+01
2.597806701660156250e+02 3.284583129882812500e+02 2.909020690917968750e+02 6.000000000000000000e+00 2.277962863445281982e-03 9.256552886962890625e+01
2.239488525390625000e+02 3.881780395507812500e+02 4.071392440795898438e+01 6.000000000000000000e+00 1.733898534439504147e-03 9.256552886962890625e+01
2.329068145751953125e+02 2.985984802246093750e+02 3.302782592773437500e+02 6.000000000000000000e+00 1.157031045295298100e-03 9.256552886962890625e+01
1.313833312988281250e+02 3.911640014648437500e+02 1.500272369384765625e+02 6.000000000000000000e+00 1.484880456700921059e-03 9.256552886962890625e+01
2.627666625976562500e+02 3.344302978515625000e+02 2.919480590820312500e+02 6.000000000000000000e+00 1.426005503162741661e-03 9.256552886962890625e+01
2.030469665527343750e+02 4.001219482421875000e+02 2.696554565429687500e+01 6.000000000000000000e+00 1.383134862408041954e-03 9.256552886962890625e+01
2.388787841796875000e+02 3.971359863281250000e+02 4.115085220336914062e+01 6.000000000000000000e+00 1.531894318759441376e-03 9.256552886962890625e+01
1.970749969482421875e+02 3.971359863281250000e+02 2.570774459838867188e+01 6.000000000000000000e+00 1.271748566068708897e-03 9.256552886962890625e+01
1.642291564941406250e+02 3.702621154785156250e+02 3.547070312500000000e+02 6.000000000000000000e+00 1.672225072979927063e-03 9.256552886962890625e+01
1.881170349121093750e+02 2.806825561523437500e+02 7.592915344238281250e+01 6.000000000000000000e+00 1.247501233592629433e-03 9.256552886962890625e+01
2.299208374023437500e+02 2.926265258789062500e+02 3.272422790527343750e+02 6.000000000000000000e+00 1.266327570192515850e-03 9.256552886962890625e+01
2.478367309570312500e+02 3.284583129882812500e+02 3.131206970214843750e+02 6.000000000000000000e+00 9.075303096324205399e-04 9.256552886962890625e+01
1.940890197753906250e+02 3.881780395507812500e+02 7.247581481933593750e+00 6.000000000000000000e+00 1.077340450137853622e-03 9.256552886962890625e+01
1.373553009033203125e+02 4.001219482421875000e+02 1.715161132812500000e+02 6.000000000000000000e+00 9.677644702605903149e-04 9.256552886962890625e+01
1.911030273437500000e+02 2.538087158203125000e+02 2.544099807739257812e+01 6.000000000000000000e+00 9.972729021683335304e-04 9.256552886962890625e+01
1.283973388671875000e+02 3.851920471191406250e+02 1.235377044677734375e+02 6.000000000000000000e+00 1.150575582869350910e-03 9.256552886962890625e+01
2.179768981933593750e+02 3.702621154785156250e+02 6.492472076416015625e+01 6.000000000000000000e+00 1.010615611448884010e-03 9.256552886962890625e+01
1.463132629394531250e+02 4.568556823730468750e+02 2.413284492492675781e+01 6.000000000000000000e+00 9.525239584036171436e-04 9.256552886962890625e+01
1.492992401123046875e+02 4.180378723144531250e+02 5.498682403564453125e+01 6.000000000000000000e+00 8.990456117317080498e-04 9.256552886962890625e+01
1.433272705078125000e+02 4.514809265136718750e+02 6.082025909423828125e+01 7.000000000000000000e+00 8.422033279202878475e-04 1.110786361694335938e+02
1.325777282714843750e+02 3.260695495605468750e+02 2.889821052551269531e+00 7.000000000000000000e+00 9.653166052885353565e-04 1.110786361694335938e+02
1.182450027465820312e+02 3.260695495605468750e+02 2.840100860595703125e+01 7.000000000000000000e+00 2.918593119829893112e-03 1.110786361694335938e+02
1.504936370849609375e+02 3.547350158691406250e+02 3.594192810058593750e+02 7.000000000000000000e+00 9.362816927023231983e-04 1.110786361694335938e+02
2.400731811523437500e+02 3.081536254882812500e+02 1.280115318298339844e+01 7.000000000000000000e+00 2.744677243754267693e-03 1.110786361694335938e+02
2.364900054931640625e+02 3.977331848144531250e+02 4.682074737548828125e+01 7.000000000000000000e+00 1.574604306370019913e-03 1.110786361694335938e+02
2.293236389160156250e+02 2.938209228515625000e+02 3.596799621582031250e+02 7.000000000000000000e+00 1.523960847407579422e-03 1.110786361694335938e+02
1.648263702392578125e+02 3.726509094238281250e+02 1.150687789916992188e+01 7.000000000000000000e+00 1.445933827199041843e-03 1.110786361694335938e+02
1.612431793212890625e+02 3.654845581054687500e+02 3.571099243164062500e+02 7.000000000000000000e+00 2.479898976162075996e-03 1.110786361694335938e+02
2.257404632568359375e+02 3.905668334960937500e+02 4.608021926879882812e+01 7.000000000000000000e+00 2.534557133913040161e-03 1.110786361694335938e+02
2.185740966796875000e+02 3.798172912597656250e+02 5.675597381591796875e+01 7.000000000000000000e+00 1.678616623394191265e-03 1.110786361694335938e+02
2.185740966796875000e+02 2.723218078613281250e+02 3.522204284667968750e+02 7.000000000000000000e+00 2.626898465678095818e-03 1.110786361694335938e+02
2.078245544433593750e+02 3.583181762695312500e+02 7.707299041748046875e+01 7.000000000000000000e+00 2.629247261211276054e-03 1.110786361694335938e+02
2.042413635253906250e+02 4.156491088867187500e+02 3.837976074218750000e+01 7.000000000000000000e+00 2.191399922594428062e-03 1.110786361694335938e+02
1.325777282714843750e+02 3.941499938964843750e+02 2.697250366210937500e+02 7.000000000000000000e+00 9.863324230536818504e-04 1.110786361694335938e+02
2.042413635253906250e+02 4.048995361328125000e+02 2.596420478820800781e+01 7.000000000000000000e+00 9.654804598540067673e-04 1.110786361694335938e+02
1.361609039306640625e+02 4.013163757324218750e+02 2.844538269042968750e+02 7.000000000000000000e+00 8.608670323155820370e-04 1.110786361694335938e+02
2.006581878662109375e+02 2.759049987792968750e+02 2.669728088378906250e+01 7.000000000000000000e+00 9.006538894027471542e-04 1.110786361694335938e+02
1.433272705078125000e+02 3.296527404785156250e+02 3.466989746093750000e+02 7.000000000000000000e+00 1.720616593956947327e-03 1.110786361694335938e+02
1.827422790527343750e+02 2.938209228515625000e+02 9.000975799560546875e+01 7.000000000000000000e+00 1.829340821132063866e-03 1.110786361694335938e+02
1.827422790527343750e+02 3.654845581054687500e+02 3.543856506347656250e+02 7.000000000000000000e+00 1.342694507911801338e-03 1.110786361694335938e+02
1.970749969482421875e+02 4.192322692871093750e+02 6.012413787841796875e+01 7.000000000000000000e+00 2.289826283231377602e-03 1.110786361694335938e+02
1.469104614257812500e+02 3.475686340332031250e+02 3.569133300781250000e+02 7.000000000000000000e+00 1.206190907396376133e-03 1.110786361694335938e+02
1.934918212890625000e+02 3.977331848144531250e+02 1.696769714355468750e+01 7.000000000000000000e+00 8.628029609099030495e-04 1.110786361694335938e+02
1.827422790527343750e+02 3.762341003417968750e+02 3.511356201171875000e+02 7.000000000000000000e+00 1.044521224685013294e-03 1.110786361694335938e+02
1.469104614257812500e+02 4.586472778320312500e+02 6.898706054687500000e+01 7.000000000000000000e+00 8.633855613879859447e-04 1.110786361694335938e+02
1.934918212890625000e+02 3.547350158691406250e+02 4.434915924072265625e+01 7.000000000000000000e+00 3.055381821468472481e-03 1.110786361694335938e+02
1.863254547119140625e+02 2.794881896972656250e+02 6.209947967529296875e+01 7.000000000000000000e+00 9.624974336475133896e-04 1.110786361694335938e+02
1.254113616943359375e+02 3.869836425781250000e+02 6.808821105957031250e+01 7.000000000000000000e+00 7.577625801786780357e-04 1.110786361694335938e+02
1.863254547119140625e+02 2.544059143066406250e+02 3.012816238403320312e+01 7.000000000000000000e+00 7.677426328882575035e-04 1.110786361694335938e+02
2.042413635253906250e+02 3.296527404785156250e+02 8.393289184570312500e+01 7.000000000000000000e+00 7.210584590211510658e-04 1.110786361694335938e+02
