3.523978270000000066e+02 2.865512699999999882e+02
3.550263370000000123e+02 2.616546940000000063e+02
3.575915830000000142e+02 2.365702359999999942e+02
3.603095400000000268e+02 2.113050379999999961e+02
3.629302369999999769e+02 1.857582400000000007e+02
3.656363220000000069e+02 1.599679570000000126e+02
3.684169620000000123e+02 1.334232639999999890e+02
3.775236209999999915e+02 2.923780820000000062e+02
3.803789370000000076e+02 2.666975100000000225e+02
3.833676150000000007e+02 2.409239350000000002e+02
3.860937500000000000e+02 2.149488829999999950e+02
3.889507750000000215e+02 1.886018219999999985e+02
3.919668879999999831e+02 1.623045199999999966e+02
3.950271609999999782e+02 1.350451810000000137e+02
4.043430179999999723e+02 2.982643130000000156e+02
4.074756469999999808e+02 2.720515439999999785e+02
4.105255430000000274e+02 2.455400089999999977e+02
4.135674740000000043e+02 2.189201050000000066e+02
4.167429500000000075e+02 1.918289790000000039e+02
4.198665159999999901e+02 1.646224670000000003e+02
4.231643369999999891e+02 1.368529969999999878e+02
4.327773440000000278e+02 3.046449579999999742e+02
4.359010309999999890e+02 2.775105899999999792e+02
4.393067320000000109e+02 2.504341740000000129e+02
4.426294560000000047e+02 2.229516749999999945e+02
4.460479740000000106e+02 1.952324220000000139e+02
4.494790949999999725e+02 1.671024630000000002e+02
4.529711300000000165e+02 1.385347749999999962e+02
4.625998539999999934e+02 3.113009339999999838e+02
4.662830809999999815e+02 2.834468079999999759e+02
4.698496400000000222e+02 2.555082700000000102e+02
4.734832759999999894e+02 2.273988650000000007e+02
4.771469420000000241e+02 1.987248380000000054e+02
4.808713989999999967e+02 1.697778930000000059e+02
4.846143490000000043e+02 1.403472899999999868e+02
4.944644170000000258e+02 3.184412229999999795e+02
4.983765869999999722e+02 2.897633060000000000e+02
5.023043210000000158e+02 2.612116090000000099e+02
5.062820429999999874e+02 2.319418330000000026e+02
5.102010189999999739e+02 2.025596769999999935e+02
5.142576289999999517e+02 1.725637820000000033e+02
5.181596070000000509e+02 1.423561400000000106e+02
