2.771588750000000232e+02 2.816636050000000182e+02
2.675705869999999891e+02 2.617810969999999884e+02
2.573729250000000093e+02 2.407746889999999951e+02
2.466026149999999859e+02 2.185336910000000046e+02
2.352399900000000059e+02 1.947861019999999996e+02
2.230189819999999941e+02 1.694977719999999977e+02
2.098131559999999922e+02 1.422176509999999894e+02
3.027030639999999835e+02 2.763187869999999862e+02
2.936663209999999822e+02 2.560863650000000007e+02
2.842415470000000255e+02 2.343967440000000124e+02
2.741851810000000000e+02 2.116528629999999964e+02
2.635003659999999854e+02 1.874933780000000070e+02
2.520740199999999902e+02 1.615962069999999926e+02
2.397339629999999886e+02 1.335441889999999887e+02
3.288857120000000123e+02 2.705775760000000218e+02
3.206972349999999778e+02 2.499454189999999869e+02
3.119326780000000099e+02 2.278677979999999934e+02
3.026095280000000116e+02 2.047247160000000008e+02
2.926902160000000208e+02 1.798157040000000109e+02
2.821167909999999779e+02 1.533065640000000087e+02
2.707171329999999898e+02 1.244889069999999975e+02
3.558381959999999822e+02 2.647216490000000135e+02
3.482433169999999905e+02 2.436414949999999919e+02
3.402893369999999891e+02 2.212762759999999957e+02
3.316641539999999964e+02 1.974195709999999906e+02
3.226685180000000059e+02 1.720047910000000115e+02
3.128985900000000129e+02 1.446991580000000113e+02
3.025142819999999801e+02 1.153791200000000003e+02
3.833424069999999801e+02 2.588107600000000161e+02
3.765280149999999821e+02 2.371884159999999895e+02
3.693539119999999798e+02 2.142702030000000093e+02
3.616604609999999980e+02 1.898296359999999936e+02
3.534754940000000261e+02 1.637842249999999922e+02
3.447116700000000264e+02 1.358351749999999925e+02
3.352928469999999948e+02 1.057001570000000044e+02
4.116509399999999914e+02 2.527010649999999998e+02
4.055934449999999742e+02 2.305619199999999864e+02
3.993126219999999762e+02 2.071649930000000097e+02
3.924293519999999944e+02 1.821729280000000131e+02
3.853160399999999868e+02 1.555503390000000081e+02
3.774938050000000089e+02 1.267778469999999942e+02
3.690306400000000053e+02 9.580066700000000424e+01
