1.943822940000000017e+02 2.911122129999999970e+02
1.977384030000000052e+02 2.530929409999999962e+02
2.012524720000000116e+02 2.173612520000000075e+02
2.046002039999999909e+02 1.839803310000000067e+02
2.074653020000000083e+02 1.528213959999999929e+02
2.105728609999999890e+02 1.232810520000000025e+02
2.130812380000000132e+02 9.521791799999999739e+01
2.334292450000000088e+02 2.905884699999999725e+02
2.358807070000000010e+02 2.520963439999999878e+02
2.380483859999999936e+02 2.164682919999999910e+02
2.401017300000000034e+02 1.829476469999999892e+02
2.422330169999999896e+02 1.515505369999999914e+02
2.440643310000000099e+02 1.217586139999999943e+02
2.457674710000000005e+02 9.349484999999999957e+01
2.735414430000000152e+02 2.898768620000000169e+02
2.745896000000000186e+02 2.512126619999999946e+02
2.754552919999999858e+02 2.152030640000000119e+02
2.764023440000000278e+02 1.815518040000000042e+02
2.772832950000000096e+02 1.501846009999999865e+02
2.781417240000000106e+02 1.204020919999999961e+02
2.788992309999999861e+02 9.223883100000000468e+01
3.141583560000000261e+02 2.892354740000000106e+02
3.135786739999999782e+02 2.504517209999999920e+02
3.133188170000000241e+02 2.142044070000000033e+02
3.129071040000000039e+02 1.804024809999999945e+02
3.126227109999999811e+02 1.487218019999999967e+02
3.124396669999999858e+02 1.188375470000000007e+02
3.122012330000000020e+02 9.069619000000000142e+01
3.548897089999999821e+02 2.885745239999999967e+02
3.532143859999999904e+02 2.494702149999999961e+02
3.514344790000000103e+02 2.133678439999999910e+02
3.499415589999999838e+02 1.794447169999999971e+02
3.485028689999999756e+02 1.475289610000000096e+02
3.473257750000000215e+02 1.175408709999999957e+02
3.457587889999999788e+02 8.914961200000000474e+01
3.963468020000000251e+02 2.878662719999999808e+02
3.933047789999999964e+02 2.486302640000000110e+02
3.903081670000000258e+02 2.122353359999999896e+02
3.874256899999999746e+02 1.781954800000000034e+02
3.846974490000000060e+02 1.461472630000000095e+02
3.823292850000000271e+02 1.159532470000000046e+02
3.800028689999999756e+02 8.765975199999999745e+01
