1.603119509999999934e+02 2.482043909999999869e+02
1.688505250000000046e+02 2.249319000000000131e+02
1.773163910000000101e+02 2.019662779999999884e+02
1.856304470000000038e+02 1.791566160000000139e+02
1.939610140000000058e+02 1.565323490000000106e+02
2.024025729999999896e+02 1.337296139999999980e+02
2.105774380000000008e+02 1.112920150000000064e+02
1.803994289999999978e+02 2.564397280000000023e+02
1.889827420000000018e+02 2.326736600000000124e+02
1.975711980000000096e+02 2.092980799999999988e+02
2.060924679999999967e+02 1.858844760000000065e+02
2.144654690000000130e+02 1.627403869999999984e+02
2.228831020000000080e+02 1.396940610000000049e+02
2.314294889999999896e+02 1.165498199999999969e+02
2.015153200000000027e+02 2.650728449999999725e+02
2.102178340000000105e+02 2.408128199999999879e+02
2.189288940000000139e+02 2.168341519999999889e+02
2.275017400000000123e+02 1.930646209999999883e+02
2.359976200000000119e+02 1.694777070000000094e+02
2.444851989999999944e+02 1.457364350000000002e+02
2.530351870000000076e+02 1.222985989999999958e+02
2.234593959999999981e+02 2.740921630000000278e+02
2.322855380000000025e+02 2.492495270000000005e+02
2.410357970000000023e+02 2.248068389999999965e+02
2.496441039999999987e+02 2.004269260000000088e+02
2.583002319999999941e+02 1.763195949999999925e+02
2.669676820000000248e+02 1.522086329999999919e+02
2.755654599999999732e+02 1.281557310000000030e+02
2.463504179999999906e+02 2.833572389999999928e+02
2.552737579999999866e+02 2.580361629999999877e+02
2.641581419999999980e+02 2.330402530000000070e+02
2.728569029999999884e+02 2.082275089999999977e+02
2.816149599999999964e+02 1.835102390000000128e+02
2.904222409999999854e+02 1.588468169999999873e+02
2.990597230000000195e+02 1.343539580000000058e+02
2.702609560000000215e+02 2.930852970000000255e+02
2.793341369999999984e+02 2.672656250000000000e+02
2.882530209999999897e+02 2.416346440000000086e+02
2.970843199999999911e+02 2.162569890000000044e+02
3.058514710000000036e+02 1.910256960000000106e+02
3.146916810000000169e+02 1.658704219999999907e+02
3.235378719999999930e+02 1.406962739999999883e+02
