4.184052730000000224e+02 2.145269319999999880e+02
3.895360410000000115e+02 2.132426450000000102e+02
3.617327880000000278e+02 2.118322450000000003e+02
3.349080200000000218e+02 2.104931339999999977e+02
3.090313719999999762e+02 2.091850589999999954e+02
2.839926150000000007e+02 2.078217009999999902e+02
2.593538819999999987e+02 2.068110499999999945e+02
4.194981989999999996e+02 1.874286960000000022e+02
3.900927120000000059e+02 1.864855650000000082e+02
3.620219730000000027e+02 1.856727290000000039e+02
3.349503169999999841e+02 1.846362919999999974e+02
3.085831909999999993e+02 1.839900049999999965e+02
2.833262629999999831e+02 1.831473540000000071e+02
2.587633060000000000e+02 1.824086609999999951e+02
4.203450010000000248e+02 1.594253850000000057e+02
3.906727910000000179e+02 1.592631529999999884e+02
3.623024899999999775e+02 1.585481409999999869e+02
3.348845830000000205e+02 1.582763060000000053e+02
3.084039000000000215e+02 1.579544830000000104e+02
2.827494199999999864e+02 1.575519099999999924e+02
2.578024599999999964e+02 1.570603790000000117e+02
4.212912600000000225e+02 1.310052799999999991e+02
3.913497919999999795e+02 1.311991580000000113e+02
3.625964359999999829e+02 1.313311459999999897e+02
3.348478700000000003e+02 1.314235529999999983e+02
3.081528630000000248e+02 1.314618069999999932e+02
2.823192139999999881e+02 1.316022490000000005e+02
2.570900570000000016e+02 1.316729740000000106e+02
4.222215580000000159e+02 1.018913649999999933e+02
3.919713439999999878e+02 1.025653690000000040e+02
3.628088989999999967e+02 1.031849899999999991e+02
3.348884889999999928e+02 1.036374739999999974e+02
3.078429259999999772e+02 1.043487240000000043e+02
2.816703800000000228e+02 1.049723050000000057e+02
2.563075559999999768e+02 1.054440000000000026e+02
4.230597839999999792e+02 7.209246100000000013e+01
3.925098269999999729e+02 7.323552700000000470e+01
3.632541810000000169e+02 7.439393599999999651e+01
3.347502749999999878e+02 7.576670799999999417e+01
3.075457759999999894e+02 7.665985100000000330e+01
2.809170839999999885e+02 7.764606499999999301e+01
2.554514470000000017e+02 7.885946699999999510e+01
