4.193619380000000092e+02 2.728168640000000096e+02
3.803392939999999953e+02 2.716984249999999861e+02
3.428775019999999927e+02 2.706027530000000070e+02
3.069749760000000265e+02 2.694853209999999990e+02
2.727115779999999745e+02 2.683450619999999844e+02
2.394898829999999919e+02 2.673078919999999812e+02
2.073672329999999988e+02 2.663745729999999980e+02
4.186778560000000198e+02 2.354009700000000009e+02
3.800195620000000076e+02 2.351046450000000050e+02
3.428993229999999812e+02 2.346145779999999945e+02
3.074682619999999815e+02 2.342577060000000131e+02
2.733092649999999821e+02 2.338662109999999927e+02
2.405920099999999877e+02 2.336346279999999922e+02
2.087332920000000058e+02 2.333064420000000041e+02
4.180404050000000211e+02 1.984054869999999937e+02
3.796768190000000232e+02 1.986530459999999891e+02
3.429003910000000133e+02 1.993377989999999897e+02
3.077709960000000251e+02 1.996066280000000006e+02
2.740964050000000043e+02 1.998894500000000107e+02
2.414172210000000121e+02 2.002494959999999935e+02
2.100927279999999939e+02 2.005888520000000028e+02
4.174097600000000057e+02 1.623739319999999964e+02
3.793653259999999818e+02 1.634604490000000112e+02
3.429842830000000049e+02 1.645473020000000020e+02
3.081832580000000235e+02 1.656084899999999891e+02
2.748531489999999735e+02 1.666194150000000036e+02
2.425801999999999907e+02 1.675072330000000136e+02
2.112857669999999928e+02 1.686706700000000012e+02
4.166313480000000027e+02 1.270961759999999998e+02
3.790130619999999908e+02 1.286853639999999928e+02
3.431596069999999941e+02 1.304781340000000114e+02
3.085848690000000261e+02 1.323583680000000129e+02
2.754801640000000020e+02 1.338251339999999914e+02
2.435480349999999987e+02 1.355332339999999931e+02
2.126184389999999951e+02 1.372226719999999887e+02
4.159695429999999874e+02 9.225147200000000680e+01
3.787420960000000036e+02 9.488359800000000632e+01
3.432717589999999745e+02 9.732750699999999711e+01
3.090853270000000066e+02 9.967713200000000029e+01
2.762509459999999990e+02 1.019702450000000056e+02
2.444387049999999988e+02 1.042991789999999952e+02
2.137192080000000090e+02 1.063153230000000065e+02
