1.919817960000000028e+02 2.652940060000000244e+02
2.036493839999999977e+02 2.321674800000000118e+02
2.147642060000000015e+02 2.004613190000000031e+02
2.253894500000000107e+02 1.706503140000000087e+02
2.352973629999999901e+02 1.424662319999999909e+02
2.449943079999999895e+02 1.154866870000000034e+02
2.540299530000000061e+02 8.969107099999999377e+01
2.241920010000000048e+02 2.727112430000000245e+02
2.349786990000000060e+02 2.385165100000000109e+02
2.455989230000000134e+02 2.063861239999999952e+02
2.557649079999999913e+02 1.755123289999999940e+02
2.652267459999999915e+02 1.466054689999999994e+02
2.741681209999999851e+02 1.189417880000000025e+02
2.829990540000000010e+02 9.251126899999999864e+01
2.580041810000000169e+02 2.804644170000000258e+02
2.682975460000000112e+02 2.452791440000000023e+02
2.780039669999999887e+02 2.120518340000000137e+02
2.877130430000000274e+02 1.805356290000000001e+02
2.966009829999999852e+02 1.508545530000000099e+02
3.050170590000000175e+02 1.224206769999999977e+02
3.130696720000000255e+02 9.561521100000000217e+01
2.936632389999999759e+02 2.885373839999999745e+02
3.030722660000000133e+02 2.522792819999999949e+02
3.120963130000000092e+02 2.182543180000000120e+02
3.210755919999999719e+02 1.857633969999999977e+02
3.292851259999999911e+02 1.553781130000000132e+02
3.370514830000000188e+02 1.262286150000000049e+02
3.444911190000000261e+02 9.843138100000000179e+01
3.309114989999999921e+02 2.971101380000000063e+02
3.396230770000000234e+02 2.597221369999999752e+02
3.478695069999999987e+02 2.246117099999999880e+02
3.560646360000000072e+02 1.914015200000000050e+02
3.633166810000000169e+02 1.601695709999999906e+02
3.704950259999999957e+02 1.303694759999999917e+02
3.771790159999999901e+02 1.017367710000000045e+02
3.702239379999999755e+02 3.060588070000000016e+02
3.780380549999999857e+02 2.676349180000000274e+02
3.852784419999999841e+02 2.314992980000000102e+02
3.925147089999999821e+02 1.973723750000000052e+02
3.990584410000000162e+02 1.650685579999999959e+02
4.053731379999999831e+02 1.344192050000000052e+02
4.113173830000000066e+02 1.053957979999999992e+02
