4.401053160000000162e+02 3.034183649999999943e+02
3.985832819999999970e+02 2.879820250000000215e+02
3.589789729999999963e+02 2.734261779999999931e+02
3.212495119999999815e+02 2.594900509999999940e+02
2.850422669999999812e+02 2.460967559999999992e+02
2.502938389999999913e+02 2.331874239999999929e+02
2.167158359999999959e+02 2.207678830000000119e+02
4.524989929999999845e+02 2.644963379999999802e+02
4.116231989999999996e+02 2.503064119999999946e+02
3.725791019999999776e+02 2.368103940000000023e+02
3.353180540000000178e+02 2.238905330000000049e+02
2.994888920000000212e+02 2.115713649999999859e+02
2.652136229999999841e+02 1.996162869999999998e+02
2.321909479999999917e+02 1.883050839999999937e+02
4.642878420000000119e+02 2.271756289999999865e+02
4.240115969999999948e+02 2.140920099999999877e+02
3.854755860000000212e+02 2.016444239999999866e+02
3.487607729999999719e+02 1.897152399999999943e+02
3.135820919999999887e+02 1.784598689999999976e+02
2.796449579999999742e+02 1.674446259999999995e+02
2.470452730000000088e+02 1.569483180000000004e+02
4.755047299999999950e+02 1.915164340000000038e+02
4.358584290000000010e+02 1.796019129999999961e+02
3.979951780000000099e+02 1.682387390000000096e+02
3.617023320000000126e+02 1.571789860000000090e+02
3.270178829999999834e+02 1.466774900000000059e+02
2.934700619999999844e+02 1.365588380000000086e+02
2.610883180000000152e+02 1.267840730000000065e+02
4.860716249999999832e+02 1.575926670000000058e+02
4.471832890000000020e+02 1.466652530000000070e+02
4.099311519999999973e+02 1.359900360000000035e+02
3.742094730000000027e+02 1.259884870000000063e+02
3.398195190000000139e+02 1.162975229999999982e+02
3.066838989999999967e+02 1.069924850000000021e+02
2.747551879999999755e+02 9.786222800000000177e+01
4.962933959999999729e+02 1.249880979999999937e+02
4.579729609999999980e+02 1.148220749999999981e+02
4.212888490000000274e+02 1.052376560000000012e+02
3.859837650000000053e+02 9.590951499999999896e+01
3.521317750000000046e+02 8.708357999999999777e+01
3.194597779999999716e+02 7.847997300000000109e+01
2.877448430000000030e+02 7.024163799999999469e+01
