2.531487579999999866e+02 3.115575559999999768e+02
2.467325289999999995e+02 2.805374760000000265e+02
2.401536710000000028e+02 2.485762939999999901e+02
2.334063570000000141e+02 2.153733369999999923e+02
2.263418880000000115e+02 1.807708130000000040e+02
2.190425720000000069e+02 1.446695249999999930e+02
2.114513849999999877e+02 1.070062410000000028e+02
2.852876890000000003e+02 3.005674129999999877e+02
2.796870420000000195e+02 2.704330749999999739e+02
2.738477169999999887e+02 2.390706629999999961e+02
2.678920899999999961e+02 2.067084810000000061e+02
2.617624509999999987e+02 1.732356870000000129e+02
2.554390109999999936e+02 1.383081209999999999e+02
2.487565610000000049e+02 1.016044459999999958e+02
3.153982240000000274e+02 2.901079409999999825e+02
3.106720890000000281e+02 2.606385189999999739e+02
3.055854489999999828e+02 2.300948180000000036e+02
3.004262390000000096e+02 1.986992950000000064e+02
2.950885930000000030e+02 1.660301969999999869e+02
2.896781920000000241e+02 1.321333769999999959e+02
2.836771550000000275e+02 9.650370800000000315e+01
3.439259950000000003e+02 2.802436829999999759e+02
3.396277469999999994e+02 2.514536290000000065e+02
3.353023989999999799e+02 2.217826230000000010e+02
3.307494510000000218e+02 1.911868589999999983e+02
3.262570190000000139e+02 1.593603209999999990e+02
3.214281310000000076e+02 1.262447130000000044e+02
3.164944760000000201e+02 9.172241200000000561e+01
3.707201230000000010e+02 2.709201659999999947e+02
3.671567079999999805e+02 2.428173219999999901e+02
3.633244629999999802e+02 2.138028410000000008e+02
3.594868769999999927e+02 1.839160459999999944e+02
3.554279169999999795e+02 1.530433040000000062e+02
3.513927310000000261e+02 1.207841640000000041e+02
3.470784909999999854e+02 8.736075599999999497e+01
3.963221130000000016e+02 2.621587220000000116e+02
3.929231260000000248e+02 2.346066889999999887e+02
3.897834470000000238e+02 2.064326320000000123e+02
3.864786990000000060e+02 1.771937869999999862e+02
3.829928279999999745e+02 1.469936830000000043e+02
3.794516909999999825e+02 1.157020420000000058e+02
3.757199709999999868e+02 8.313089800000000196e+01
