1.975000000000000000e+02 2.530000000000000000e+02
2.340000000000000000e+02 3.030000000000000000e+02
2.295000000000000000e+02 2.995000000000000000e+02
2.320000000000000000e+02 3.010000000000000000e+02
2.065000000000000000e+02 2.680000000000000000e+02
3.300000000000000000e+01 4.180000000000000000e+02
2.270000000000000000e+02 2.690000000000000000e+02
1.975000000000000000e+02 2.535000000000000000e+02
3.280000000000000000e+02 2.460000000000000000e+02
2.470000000000000000e+02 3.075000000000000000e+02
1.895000000000000000e+02 2.530000000000000000e+02
2.065000000000000000e+02 2.685000000000000000e+02
1.550000000000000000e+02 3.585000000000000000e+02
2.050000000000000000e+02 2.630000000000000000e+02
1.055000000000000000e+02 3.515000000000000000e+02
1.005000000000000000e+02 3.790000000000000000e+02
1.990000000000000000e+02 2.580000000000000000e+02
1.075000000000000000e+02 3.495000000000000000e+02
1.990000000000000000e+02 2.575000000000000000e+02
1.530000000000000000e+02 3.565000000000000000e+02
2.265000000000000000e+02 2.685000000000000000e+02
1.980000000000000000e+02 2.535000000000000000e+02
1.060000000000000000e+02 3.515000000000000000e+02
2.370000000000000000e+02 3.040000000000000000e+02
1.865000000000000000e+02 2.535000000000000000e+02
2.975000000000000000e+02 2.650000000000000000e+02
1.235000000000000000e+02 3.235000000000000000e+02
2.040000000000000000e+02 2.580000000000000000e+02
1.475000000000000000e+02 5.460000000000000000e+02
1.115000000000000000e+02 3.465000000000000000e+02
2.060000000000000000e+02 2.725000000000000000e+02
2.060000000000000000e+02 2.720000000000000000e+02
2.025000000000000000e+02 2.580000000000000000e+02
1.680000000000000000e+02 3.630000000000000000e+02
2.460000000000000000e+02 3.070000000000000000e+02
1.275000000000000000e+02 3.270000000000000000e+02
2.165000000000000000e+02 3.740000000000000000e+02
1.590000000000000000e+02 3.600000000000000000e+02
2.970000000000000000e+02 2.650000000000000000e+02
3.280000000000000000e+02 2.465000000000000000e+02
3.250000000000000000e+01 4.180000000000000000e+02
3.500000000000000000e+01 4.195000000000000000e+02
1.400000000000000000e+02 3.315000000000000000e+02
2.075000000000000000e+02 2.740000000000000000e+02
1.945000000000000000e+02 2.815000000000000000e+02
1.400000000000000000e+02 3.310000000000000000e+02
2.075000000000000000e+02 2.745000000000000000e+02
3.105000000000000000e+02 2.860000000000000000e+02
2.400000000000000000e+02 3.065000000000000000e+02
1.140000000000000000e+02 3.275000000000000000e+02
1.580000000000000000e+02 3.595000000000000000e+02
2.710000000000000000e+02 3.130000000000000000e+02
1.990000000000000000e+02 2.570000000000000000e+02
2.805000000000000000e+02 3.170000000000000000e+02
1.935000000000000000e+02 2.790000000000000000e+02
1.000000000000000000e+02 3.785000000000000000e+02
3.950000000000000000e+01 5.150000000000000000e+02
2.645000000000000000e+02 3.455000000000000000e+02
3.900000000000000000e+01 5.150000000000000000e+02
2.475000000000000000e+02 3.110000000000000000e+02
1.850000000000000000e+02 2.575000000000000000e+02
2.720000000000000000e+02 3.475000000000000000e+02
2.260000000000000000e+02 2.685000000000000000e+02
1.670000000000000000e+02 3.625000000000000000e+02
1.300000000000000000e+01 4.715000000000000000e+02
1.890000000000000000e+02 2.530000000000000000e+02
3.260000000000000000e+02 2.475000000000000000e+02
2.800000000000000000e+01 4.195000000000000000e+02
2.255000000000000000e+02 3.845000000000000000e+02
2.825000000000000000e+02 3.190000000000000000e+02
1.900000000000000000e+02 2.730000000000000000e+02
2.725000000000000000e+02 3.480000000000000000e+02
1.475000000000000000e+02 3.305000000000000000e+02
1.680000000000000000e+02 3.670000000000000000e+02
2.650000000000000000e+02 3.450000000000000000e+02
2.230000000000000000e+02 3.765000000000000000e+02
1.610000000000000000e+02 3.620000000000000000e+02
1.820000000000000000e+02 2.630000000000000000e+02
2.020000000000000000e+02 2.575000000000000000e+02
3.255000000000000000e+02 2.520000000000000000e+02
2.650000000000000000e+01 4.225000000000000000e+02
1.940000000000000000e+02 2.790000000000000000e+02
3.900000000000000000e+01 5.145000000000000000e+02
1.510000000000000000e+02 3.550000000000000000e+02
2.710000000000000000e+02 3.135000000000000000e+02
1.905000000000000000e+02 2.780000000000000000e+02
2.310000000000000000e+02 3.005000000000000000e+02
3.300000000000000000e+02 2.450000000000000000e+02
2.595000000000000000e+02 4.810000000000000000e+02
1.945000000000000000e+02 2.810000000000000000e+02
2.650000000000000000e+02 3.455000000000000000e+02
1.915000000000000000e+02 2.535000000000000000e+02
1.250000000000000000e+02 3.895000000000000000e+02
2.965000000000000000e+02 2.650000000000000000e+02
2.065000000000000000e+02 2.690000000000000000e+02
2.145000000000000000e+02 3.330000000000000000e+02
1.900000000000000000e+02 2.775000000000000000e+02
2.245000000000000000e+02 3.800000000000000000e+02
1.450000000000000000e+02 3.285000000000000000e+02
2.685000000000000000e+02 3.470000000000000000e+02
2.455000000000000000e+02 3.070000000000000000e+02
1.685000000000000000e+02 3.660000000000000000e+02
4.000000000000000000e+01 5.155000000000000000e+02
2.035000000000000000e+02 3.995000000000000000e+02
1.060000000000000000e+02 3.540000000000000000e+02
2.065000000000000000e+02 2.720000000000000000e+02
2.415000000000000000e+02 3.170000000000000000e+02
3.750000000000000000e+01 6.090000000000000000e+02
1.875000000000000000e+02 2.530000000000000000e+02
1.465000000000000000e+02 4.620000000000000000e+02
1.810000000000000000e+02 2.970000000000000000e+02
2.045000000000000000e+02 3.345000000000000000e+02
1.265000000000000000e+02 3.795000000000000000e+02
1.265000000000000000e+02 3.725000000000000000e+02
6.100000000000000000e+01 4.005000000000000000e+02
2.715000000000000000e+02 3.475000000000000000e+02
2.190000000000000000e+02 3.760000000000000000e+02
3.310000000000000000e+02 2.445000000000000000e+02
2.665000000000000000e+02 3.465000000000000000e+02
2.780000000000000000e+02 3.155000000000000000e+02
1.055000000000000000e+02 3.520000000000000000e+02
2.475000000000000000e+02 4.545000000000000000e+02
3.255000000000000000e+02 2.480000000000000000e+02
2.220000000000000000e+02 3.760000000000000000e+02
1.900000000000000000e+02 2.735000000000000000e+02
1.535000000000000000e+02 4.225000000000000000e+02
3.305000000000000000e+02 2.450000000000000000e+02
3.465000000000000000e+02 4.050000000000000000e+02
2.020000000000000000e+02 2.660000000000000000e+02
3.335000000000000000e+02 2.450000000000000000e+02
2.580000000000000000e+02 2.880000000000000000e+02
2.220000000000000000e+02 3.885000000000000000e+02
2.480000000000000000e+02 4.555000000000000000e+02
3.070000000000000000e+02 3.775000000000000000e+02
1.355000000000000000e+02 3.880000000000000000e+02
7.100000000000000000e+01 4.215000000000000000e+02
2.455000000000000000e+02 3.250000000000000000e+02
2.850000000000000000e+01 4.195000000000000000e+02
3.285000000000000000e+02 4.090000000000000000e+02
3.285000000000000000e+02 4.085000000000000000e+02
3.900000000000000000e+01 5.140000000000000000e+02
3.200000000000000000e+01 4.180000000000000000e+02
2.255000000000000000e+02 3.840000000000000000e+02
5.250000000000000000e+01 5.240000000000000000e+02
1.250000000000000000e+01 4.340000000000000000e+02
5.550000000000000000e+01 5.800000000000000000e+02
5.050000000000000000e+01 5.850000000000000000e+02
1.835000000000000000e+02 2.680000000000000000e+02
1.805000000000000000e+02 2.960000000000000000e+02
2.410000000000000000e+02 4.565000000000000000e+02
7.350000000000000000e+01 4.265000000000000000e+02
2.485000000000000000e+02 4.555000000000000000e+02
1.535000000000000000e+02 4.230000000000000000e+02
1.965000000000000000e+02 3.895000000000000000e+02
9.600000000000000000e+01 4.975000000000000000e+02
3.550000000000000000e+01 4.195000000000000000e+02
5.500000000000000000e+01 5.805000000000000000e+02
1.860000000000000000e+02 2.545000000000000000e+02
1.465000000000000000e+02 4.615000000000000000e+02
8.300000000000000000e+01 4.305000000000000000e+02
8.200000000000000000e+01 4.295000000000000000e+02
7.150000000000000000e+01 4.225000000000000000e+02
5.250000000000000000e+01 5.245000000000000000e+02
1.265000000000000000e+02 3.790000000000000000e+02
1.470000000000000000e+02 4.625000000000000000e+02
3.700000000000000000e+01 6.095000000000000000e+02
5.100000000000000000e+01 5.845000000000000000e+02
2.130000000000000000e+02 4.320000000000000000e+02
2.490000000000000000e+02 4.535000000000000000e+02
1.855000000000000000e+02 2.660000000000000000e+02
2.690000000000000000e+02 3.095000000000000000e+02
1.520000000000000000e+02 5.260000000000000000e+02
2.440000000000000000e+02 4.075000000000000000e+02
2.695000000000000000e+02 3.555000000000000000e+02
1.145000000000000000e+02 4.080000000000000000e+02
1.850000000000000000e+02 2.660000000000000000e+02
2.055000000000000000e+02 3.350000000000000000e+02
8.100000000000000000e+01 4.290000000000000000e+02
1.270000000000000000e+02 3.745000000000000000e+02
2.690000000000000000e+02 3.475000000000000000e+02
3.405000000000000000e+02 3.430000000000000000e+02
2.055000000000000000e+02 3.135000000000000000e+02
1.470000000000000000e+02 4.130000000000000000e+02
2.040000000000000000e+02 3.335000000000000000e+02
2.225000000000000000e+02 3.885000000000000000e+02
3.065000000000000000e+02 3.775000000000000000e+02
2.740000000000000000e+02 3.145000000000000000e+02
2.055000000000000000e+02 3.170000000000000000e+02
9.600000000000000000e+01 4.980000000000000000e+02
1.865000000000000000e+02 2.735000000000000000e+02
2.130000000000000000e+02 4.315000000000000000e+02
8.500000000000000000e+01 4.325000000000000000e+02
1.075000000000000000e+02 4.995000000000000000e+02
1.355000000000000000e+02 3.885000000000000000e+02
1.685000000000000000e+02 3.640000000000000000e+02
5.000000000000000000e+01 5.855000000000000000e+02
1.470000000000000000e+02 4.180000000000000000e+02
2.435000000000000000e+02 4.570000000000000000e+02
3.265000000000000000e+02 2.475000000000000000e+02
1.465000000000000000e+02 4.230000000000000000e+02
1.070000000000000000e+02 4.995000000000000000e+02
1.960000000000000000e+02 3.950000000000000000e+02
2.130000000000000000e+02 4.325000000000000000e+02
2.110000000000000000e+02 4.300000000000000000e+02
2.055000000000000000e+02 3.240000000000000000e+02
5.600000000000000000e+01 5.795000000000000000e+02
2.500000000000000000e+02 4.520000000000000000e+02
1.545000000000000000e+02 5.230000000000000000e+02
2.025000000000000000e+02 2.660000000000000000e+02
1.265000000000000000e+02 3.720000000000000000e+02
1.955000000000000000e+02 3.950000000000000000e+02
1.960000000000000000e+02 4.010000000000000000e+02
2.510000000000000000e+02 4.500000000000000000e+02
2.515000000000000000e+02 4.495000000000000000e+02
3.115000000000000000e+02 2.945000000000000000e+02
1.425000000000000000e+02 4.575000000000000000e+02
1.475000000000000000e+02 4.180000000000000000e+02
2.105000000000000000e+02 4.300000000000000000e+02
2.435000000000000000e+02 4.565000000000000000e+02
2.005000000000000000e+02 4.240000000000000000e+02
1.140000000000000000e+02 3.350000000000000000e+02
1.265000000000000000e+02 3.810000000000000000e+02
1.610000000000000000e+02 4.705000000000000000e+02
2.505000000000000000e+02 4.520000000000000000e+02
1.460000000000000000e+02 4.610000000000000000e+02
1.820000000000000000e+02 2.615000000000000000e+02
9.600000000000000000e+01 4.970000000000000000e+02
2.060000000000000000e+02 3.190000000000000000e+02
2.690000000000000000e+02 3.560000000000000000e+02
2.415000000000000000e+02 3.175000000000000000e+02
2.215000000000000000e+02 3.760000000000000000e+02
9.650000000000000000e+01 4.975000000000000000e+02
2.275000000000000000e+02 2.700000000000000000e+02
1.960000000000000000e+02 3.895000000000000000e+02
2.445000000000000000e+02 4.070000000000000000e+02
3.290000000000000000e+02 4.080000000000000000e+02
2.115000000000000000e+02 4.300000000000000000e+02
1.155000000000000000e+02 4.045000000000000000e+02
3.295000000000000000e+02 4.085000000000000000e+02
1.525000000000000000e+02 5.255000000000000000e+02
3.410000000000000000e+02 3.435000000000000000e+02
1.135000000000000000e+02 4.105000000000000000e+02
3.650000000000000000e+01 6.095000000000000000e+02
1.815000000000000000e+02 2.620000000000000000e+02
2.415000000000000000e+02 4.555000000000000000e+02
1.555000000000000000e+02 3.590000000000000000e+02
2.530000000000000000e+02 4.685000000000000000e+02
1.945000000000000000e+02 3.975000000000000000e+02
3.125000000000000000e+02 2.890000000000000000e+02
3.100000000000000000e+02 2.845000000000000000e+02
1.425000000000000000e+02 4.570000000000000000e+02
1.625000000000000000e+02 3.725000000000000000e+02
1.540000000000000000e+02 5.240000000000000000e+02
1.265000000000000000e+02 3.695000000000000000e+02
1.475000000000000000e+02 4.135000000000000000e+02
2.130000000000000000e+02 4.285000000000000000e+02
1.540000000000000000e+02 4.690000000000000000e+02
7.650000000000000000e+01 4.280000000000000000e+02
1.550000000000000000e+01 4.860000000000000000e+02
2.695000000000000000e+02 3.560000000000000000e+02
1.130000000000000000e+02 3.315000000000000000e+02
1.880000000000000000e+02 2.530000000000000000e+02
1.845000000000000000e+02 2.660000000000000000e+02
3.250000000000000000e+02 2.490000000000000000e+02
1.275000000000000000e+02 3.815000000000000000e+02
2.065000000000000000e+02 3.195000000000000000e+02
3.900000000000000000e+01 4.650000000000000000e+02
2.850000000000000000e+02 3.750000000000000000e+02
1.270000000000000000e+02 3.815000000000000000e+02
2.060000000000000000e+02 3.350000000000000000e+02
1.245000000000000000e+02 3.880000000000000000e+02
2.475000000000000000e+02 3.090000000000000000e+02
2.100000000000000000e+02 4.300000000000000000e+02
1.805000000000000000e+02 2.955000000000000000e+02
7.250000000000000000e+01 4.250000000000000000e+02
2.030000000000000000e+02 2.660000000000000000e+02
2.400000000000000000e+02 4.550000000000000000e+02
2.010000000000000000e+02 4.245000000000000000e+02
3.250000000000000000e+02 2.485000000000000000e+02
1.545000000000000000e+02 4.690000000000000000e+02
9.550000000000000000e+01 4.830000000000000000e+02
9.550000000000000000e+01 4.965000000000000000e+02
2.410000000000000000e+02 4.070000000000000000e+02
2.065000000000000000e+02 3.260000000000000000e+02
1.520000000000000000e+02 5.245000000000000000e+02
2.735000000000000000e+02 3.505000000000000000e+02
1.150000000000000000e+02 4.025000000000000000e+02
3.125000000000000000e+02 2.910000000000000000e+02
1.625000000000000000e+02 4.645000000000000000e+02
2.540000000000000000e+02 4.655000000000000000e+02
1.945000000000000000e+02 3.980000000000000000e+02
1.565000000000000000e+02 5.140000000000000000e+02
1.475000000000000000e+02 4.230000000000000000e+02
3.850000000000000000e+01 4.650000000000000000e+02
1.615000000000000000e+02 4.550000000000000000e+02
1.600000000000000000e+01 4.860000000000000000e+02
3.050000000000000000e+02 3.760000000000000000e+02
4.650000000000000000e+01 4.695000000000000000e+02
2.420000000000000000e+02 4.555000000000000000e+02
2.135000000000000000e+02 4.330000000000000000e+02
2.405000000000000000e+02 4.550000000000000000e+02
1.805000000000000000e+02 2.945000000000000000e+02
3.285000000000000000e+02 4.075000000000000000e+02
2.060000000000000000e+02 3.260000000000000000e+02
2.445000000000000000e+02 4.065000000000000000e+02
2.440000000000000000e+02 4.050000000000000000e+02
1.630000000000000000e+02 4.645000000000000000e+02
2.335000000000000000e+02 4.740000000000000000e+02
1.145000000000000000e+02 4.155000000000000000e+02
2.695000000000000000e+02 3.115000000000000000e+02
1.475000000000000000e+02 4.625000000000000000e+02
1.090000000000000000e+02 4.950000000000000000e+02
1.835000000000000000e+02 2.685000000000000000e+02
2.410000000000000000e+02 4.665000000000000000e+02
1.430000000000000000e+02 4.580000000000000000e+02
2.070000000000000000e+02 3.260000000000000000e+02
3.750000000000000000e+01 4.655000000000000000e+02
2.055000000000000000e+02 3.165000000000000000e+02
1.200000000000000000e+01 4.350000000000000000e+02
2.500000000000000000e+02 4.550000000000000000e+02
1.800000000000000000e+01 4.840000000000000000e+02
3.295000000000000000e+02 4.120000000000000000e+02
1.605000000000000000e+02 4.710000000000000000e+02
2.415000000000000000e+02 4.660000000000000000e+02
2.400000000000000000e+02 4.555000000000000000e+02
1.370000000000000000e+02 3.900000000000000000e+02
9.550000000000000000e+01 4.960000000000000000e+02
2.135000000000000000e+02 4.290000000000000000e+02
2.255000000000000000e+02 3.825000000000000000e+02
1.100000000000000000e+01 5.515000000000000000e+02
2.435000000000000000e+02 3.995000000000000000e+02
1.550000000000000000e+02 4.690000000000000000e+02
1.265000000000000000e+02 3.785000000000000000e+02
2.410000000000000000e+02 4.550000000000000000e+02
2.115000000000000000e+02 4.180000000000000000e+02
1.040000000000000000e+02 4.985000000000000000e+02
2.050000000000000000e+02 2.605000000000000000e+02
2.420000000000000000e+02 4.655000000000000000e+02
1.955000000000000000e+02 3.895000000000000000e+02
3.125000000000000000e+02 2.925000000000000000e+02
2.395000000000000000e+02 4.555000000000000000e+02
1.090000000000000000e+02 4.955000000000000000e+02
1.615000000000000000e+02 4.545000000000000000e+02
1.045000000000000000e+02 4.990000000000000000e+02
1.260000000000000000e+02 3.900000000000000000e+02
4.650000000000000000e+01 4.700000000000000000e+02
3.040000000000000000e+02 3.650000000000000000e+02
9.700000000000000000e+01 4.980000000000000000e+02
1.610000000000000000e+02 4.525000000000000000e+02
1.460000000000000000e+02 4.205000000000000000e+02
3.110000000000000000e+02 2.970000000000000000e+02
2.855000000000000000e+02 3.755000000000000000e+02
1.570000000000000000e+02 3.590000000000000000e+02
1.685000000000000000e+02 3.645000000000000000e+02
1.625000000000000000e+02 4.650000000000000000e+02
1.265000000000000000e+02 3.775000000000000000e+02
2.990000000000000000e+02 3.795000000000000000e+02
3.300000000000000000e+02 4.085000000000000000e+02
1.620000000000000000e+02 4.650000000000000000e+02
2.430000000000000000e+02 4.670000000000000000e+02
9.700000000000000000e+01 4.985000000000000000e+02
3.035000000000000000e+02 3.645000000000000000e+02
1.150000000000000000e+02 4.065000000000000000e+02
1.055000000000000000e+02 4.905000000000000000e+02
3.115000000000000000e+02 3.020000000000000000e+02
2.425000000000000000e+02 4.650000000000000000e+02
2.390000000000000000e+02 4.555000000000000000e+02
7.450000000000000000e+01 4.270000000000000000e+02
2.415000000000000000e+02 4.070000000000000000e+02
1.245000000000000000e+02 3.875000000000000000e+02
1.045000000000000000e+02 4.985000000000000000e+02
2.095000000000000000e+02 4.300000000000000000e+02
1.955000000000000000e+02 3.925000000000000000e+02
1.460000000000000000e+02 4.210000000000000000e+02
1.960000000000000000e+02 3.925000000000000000e+02
6.450000000000000000e+01 5.625000000000000000e+02
3.295000000000000000e+02 4.100000000000000000e+02
2.355000000000000000e+02 4.035000000000000000e+02
7.850000000000000000e+01 4.280000000000000000e+02
1.150000000000000000e+01 4.360000000000000000e+02
1.695000000000000000e+02 5.045000000000000000e+02
2.735000000000000000e+02 3.500000000000000000e+02
3.040000000000000000e+02 3.645000000000000000e+02
1.060000000000000000e+02 4.905000000000000000e+02
3.110000000000000000e+02 2.975000000000000000e+02
1.690000000000000000e+02 5.050000000000000000e+02
1.610000000000000000e+02 4.530000000000000000e+02
3.300000000000000000e+02 4.100000000000000000e+02
2.760000000000000000e+02 3.150000000000000000e+02
1.050000000000000000e+02 4.905000000000000000e+02
2.435000000000000000e+02 3.990000000000000000e+02
1.090000000000000000e+02 4.960000000000000000e+02
2.235000000000000000e+02 3.780000000000000000e+02
9.650000000000000000e+01 4.835000000000000000e+02
1.135000000000000000e+02 3.290000000000000000e+02
1.475000000000000000e+02 4.155000000000000000e+02
1.055000000000000000e+02 4.910000000000000000e+02
1.200000000000000000e+01 4.355000000000000000e+02
1.100000000000000000e+01 5.520000000000000000e+02
1.695000000000000000e+02 5.040000000000000000e+02
