1.925000000000000000e+02 2.645000000000000000e+02
1.280000000000000000e+02 2.770000000000000000e+02
1.700000000000000000e+02 4.000000000000000000e+02
1.355000000000000000e+02 2.725000000000000000e+02
1.920000000000000000e+02 2.650000000000000000e+02
1.925000000000000000e+02 2.650000000000000000e+02
1.540000000000000000e+02 2.730000000000000000e+02
1.870000000000000000e+02 2.670000000000000000e+02
1.545000000000000000e+02 3.710000000000000000e+02
1.915000000000000000e+02 1.495000000000000000e+02
1.700000000000000000e+02 3.995000000000000000e+02
1.490000000000000000e+02 2.715000000000000000e+02
1.265000000000000000e+02 2.785000000000000000e+02
1.600000000000000000e+02 3.690000000000000000e+02
1.700000000000000000e+02 3.600000000000000000e+02
2.010000000000000000e+02 3.610000000000000000e+02
1.370000000000000000e+02 2.695000000000000000e+02
1.875000000000000000e+02 2.670000000000000000e+02
1.980000000000000000e+02 2.615000000000000000e+02
1.515000000000000000e+02 2.735000000000000000e+02
1.355000000000000000e+02 2.720000000000000000e+02
1.305000000000000000e+02 2.715000000000000000e+02
1.910000000000000000e+02 2.360000000000000000e+02
1.705000000000000000e+02 4.000000000000000000e+02
1.940000000000000000e+02 4.950000000000000000e+02
1.540000000000000000e+02 2.735000000000000000e+02
2.065000000000000000e+02 3.575000000000000000e+02
2.015000000000000000e+02 2.565000000000000000e+02
1.585000000000000000e+02 2.545000000000000000e+02
1.940000000000000000e+02 2.630000000000000000e+02
1.515000000000000000e+02 2.740000000000000000e+02
2.170000000000000000e+02 2.660000000000000000e+02
1.890000000000000000e+02 2.660000000000000000e+02
1.960000000000000000e+02 3.625000000000000000e+02
1.905000000000000000e+02 1.515000000000000000e+02
2.055000000000000000e+02 3.050000000000000000e+02
1.700000000000000000e+02 3.545000000000000000e+02
1.910000000000000000e+02 4.965000000000000000e+02
1.430000000000000000e+02 2.700000000000000000e+02
1.900000000000000000e+02 4.630000000000000000e+02
2.270000000000000000e+02 5.435000000000000000e+02
1.840000000000000000e+02 8.800000000000000000e+01
1.935000000000000000e+02 1.600000000000000000e+02
1.910000000000000000e+02 4.185000000000000000e+02
2.480000000000000000e+02 2.565000000000000000e+02
2.100000000000000000e+02 3.525000000000000000e+02
1.445000000000000000e+02 2.735000000000000000e+02
2.055000000000000000e+02 2.565000000000000000e+02
1.905000000000000000e+02 1.580000000000000000e+02
1.485000000000000000e+02 2.715000000000000000e+02
1.430000000000000000e+02 2.910000000000000000e+02
2.480000000000000000e+02 3.140000000000000000e+02
2.235000000000000000e+02 2.345000000000000000e+02
1.780000000000000000e+02 8.900000000000000000e+01
1.435000000000000000e+02 2.700000000000000000e+02
2.265000000000000000e+02 5.440000000000000000e+02
1.705000000000000000e+02 4.005000000000000000e+02
2.165000000000000000e+02 2.660000000000000000e+02
1.910000000000000000e+02 1.910000000000000000e+02
1.265000000000000000e+02 2.825000000000000000e+02
1.540000000000000000e+02 2.880000000000000000e+02
1.280000000000000000e+02 2.840000000000000000e+02
1.900000000000000000e+02 1.550000000000000000e+02
1.955000000000000000e+02 3.630000000000000000e+02
2.060000000000000000e+02 3.050000000000000000e+02
1.905000000000000000e+02 1.585000000000000000e+02
1.590000000000000000e+02 2.540000000000000000e+02
2.480000000000000000e+02 2.570000000000000000e+02
1.950000000000000000e+02 1.310000000000000000e+02
1.945000000000000000e+02 2.630000000000000000e+02
2.585000000000000000e+02 3.125000000000000000e+02
1.850000000000000000e+02 5.500000000000000000e+02
2.055000000000000000e+02 3.055000000000000000e+02
1.310000000000000000e+02 2.715000000000000000e+02
1.795000000000000000e+02 5.510000000000000000e+02
3.300000000000000000e+02 3.335000000000000000e+02
2.290000000000000000e+02 1.125000000000000000e+02
1.905000000000000000e+02 1.915000000000000000e+02
1.430000000000000000e+02 2.915000000000000000e+02
2.270000000000000000e+02 5.440000000000000000e+02
1.495000000000000000e+02 2.895000000000000000e+02
1.685000000000000000e+02 3.925000000000000000e+02
1.490000000000000000e+02 2.895000000000000000e+02
1.440000000000000000e+02 2.740000000000000000e+02
2.580000000000000000e+02 3.460000000000000000e+02
2.220000000000000000e+02 2.360000000000000000e+02
2.445000000000000000e+02 2.595000000000000000e+02
2.060000000000000000e+02 2.565000000000000000e+02
2.140000000000000000e+02 3.525000000000000000e+02
1.260000000000000000e+02 2.815000000000000000e+02
2.445000000000000000e+02 2.590000000000000000e+02
2.285000000000000000e+02 1.130000000000000000e+02
2.200000000000000000e+02 2.375000000000000000e+02
2.235000000000000000e+02 4.210000000000000000e+02
1.730000000000000000e+02 3.535000000000000000e+02
1.370000000000000000e+02 2.700000000000000000e+02
2.285000000000000000e+02 1.125000000000000000e+02
2.030000000000000000e+02 3.590000000000000000e+02
1.545000000000000000e+02 3.825000000000000000e+02
2.210000000000000000e+02 4.180000000000000000e+02
3.295000000000000000e+02 3.340000000000000000e+02
2.250000000000000000e+02 4.225000000000000000e+02
2.265000000000000000e+02 8.300000000000000000e+01
2.585000000000000000e+02 3.460000000000000000e+02
2.220000000000000000e+02 4.195000000000000000e+02
2.870000000000000000e+02 4.195000000000000000e+02
1.315000000000000000e+02 2.710000000000000000e+02
2.280000000000000000e+02 1.135000000000000000e+02
1.600000000000000000e+02 3.845000000000000000e+02
2.130000000000000000e+02 3.520000000000000000e+02
2.320000000000000000e+02 7.800000000000000000e+01
1.955000000000000000e+02 1.310000000000000000e+02
2.450000000000000000e+02 3.155000000000000000e+02
2.210000000000000000e+02 1.905000000000000000e+02
1.900000000000000000e+02 1.575000000000000000e+02
1.305000000000000000e+02 2.890000000000000000e+02
1.905000000000000000e+02 5.015000000000000000e+02
1.915000000000000000e+02 4.180000000000000000e+02
2.495000000000000000e+02 3.115000000000000000e+02
1.445000000000000000e+02 2.875000000000000000e+02
2.050000000000000000e+02 3.055000000000000000e+02
2.875000000000000000e+02 4.195000000000000000e+02
2.605000000000000000e+02 3.175000000000000000e+02
2.195000000000000000e+02 4.175000000000000000e+02
1.905000000000000000e+02 4.635000000000000000e+02
1.915000000000000000e+02 2.365000000000000000e+02
1.900000000000000000e+02 1.520000000000000000e+02
2.460000000000000000e+02 2.585000000000000000e+02
1.515000000000000000e+02 2.875000000000000000e+02
2.575000000000000000e+02 3.120000000000000000e+02
2.080000000000000000e+02 2.650000000000000000e+02
2.235000000000000000e+02 1.930000000000000000e+02
1.910000000000000000e+02 4.970000000000000000e+02
2.495000000000000000e+02 2.545000000000000000e+02
2.085000000000000000e+02 2.655000000000000000e+02
2.255000000000000000e+02 2.325000000000000000e+02
3.260000000000000000e+02 1.075000000000000000e+02
2.605000000000000000e+02 3.180000000000000000e+02
2.495000000000000000e+02 3.120000000000000000e+02
2.085000000000000000e+02 2.965000000000000000e+02
1.370000000000000000e+02 2.910000000000000000e+02
1.780000000000000000e+02 9.700000000000000000e+01
2.130000000000000000e+02 4.020000000000000000e+02
2.225000000000000000e+02 1.920000000000000000e+02
3.265000000000000000e+02 1.080000000000000000e+02
2.285000000000000000e+02 7.950000000000000000e+01
2.165000000000000000e+02 3.615000000000000000e+02
3.370000000000000000e+02 2.180000000000000000e+02
2.255000000000000000e+02 1.950000000000000000e+02
2.335000000000000000e+02 7.650000000000000000e+01
2.290000000000000000e+02 1.120000000000000000e+02
2.605000000000000000e+02 3.395000000000000000e+02
2.535000000000000000e+02 2.545000000000000000e+02
1.920000000000000000e+02 5.040000000000000000e+02
2.200000000000000000e+02 1.900000000000000000e+02
1.585000000000000000e+02 3.070000000000000000e+02
2.795000000000000000e+02 5.390000000000000000e+02
1.370000000000000000e+02 2.915000000000000000e+02
1.445000000000000000e+02 2.880000000000000000e+02
2.790000000000000000e+02 5.390000000000000000e+02
2.400000000000000000e+02 1.125000000000000000e+02
2.795000000000000000e+02 4.745000000000000000e+02
2.280000000000000000e+02 4.240000000000000000e+02
1.355000000000000000e+02 2.885000000000000000e+02
2.200000000000000000e+02 4.645000000000000000e+02
2.345000000000000000e+02 1.390000000000000000e+02
1.835000000000000000e+02 9.850000000000000000e+01
2.445000000000000000e+02 2.585000000000000000e+02
2.545000000000000000e+02 3.465000000000000000e+02
2.785000000000000000e+02 5.395000000000000000e+02
1.535000000000000000e+02 3.810000000000000000e+02
2.400000000000000000e+02 1.130000000000000000e+02
2.280000000000000000e+02 2.315000000000000000e+02
3.005000000000000000e+02 4.130000000000000000e+02
1.905000000000000000e+02 1.520000000000000000e+02
1.485000000000000000e+02 2.900000000000000000e+02
2.535000000000000000e+02 3.995000000000000000e+02
2.165000000000000000e+02 3.925000000000000000e+02
2.410000000000000000e+02 1.140000000000000000e+02
2.525000000000000000e+02 2.540000000000000000e+02
2.350000000000000000e+02 1.390000000000000000e+02
1.960000000000000000e+02 3.910000000000000000e+02
2.865000000000000000e+02 4.200000000000000000e+02
2.195000000000000000e+02 3.925000000000000000e+02
1.695000000000000000e+02 3.975000000000000000e+02
1.260000000000000000e+02 2.795000000000000000e+02
2.430000000000000000e+02 1.190000000000000000e+02
2.195000000000000000e+02 2.380000000000000000e+02
3.255000000000000000e+02 1.075000000000000000e+02
2.030000000000000000e+02 3.955000000000000000e+02
3.270000000000000000e+02 3.360000000000000000e+02
2.230000000000000000e+02 4.620000000000000000e+02
3.190000000000000000e+02 5.850000000000000000e+01
2.555000000000000000e+02 3.940000000000000000e+02
2.500000000000000000e+02 2.540000000000000000e+02
1.575000000000000000e+02 3.060000000000000000e+02
3.275000000000000000e+02 3.350000000000000000e+02
2.255000000000000000e+02 4.230000000000000000e+02
1.905000000000000000e+02 5.010000000000000000e+02
3.315000000000000000e+02 3.285000000000000000e+02
2.440000000000000000e+02 1.205000000000000000e+02
2.025000000000000000e+02 2.560000000000000000e+02
1.360000000000000000e+02 2.880000000000000000e+02
2.215000000000000000e+02 4.635000000000000000e+02
1.875000000000000000e+02 2.945000000000000000e+02
3.430000000000000000e+02 4.440000000000000000e+02
2.285000000000000000e+02 1.965000000000000000e+02
2.405000000000000000e+02 1.070000000000000000e+02
2.300000000000000000e+02 2.305000000000000000e+02
2.800000000000000000e+02 4.740000000000000000e+02
1.900000000000000000e+02 1.570000000000000000e+02
2.125000000000000000e+02 3.520000000000000000e+02
2.010000000000000000e+02 3.930000000000000000e+02
3.270000000000000000e+02 3.355000000000000000e+02
1.610000000000000000e+02 2.540000000000000000e+02
2.930000000000000000e+02 4.805000000000000000e+02
2.600000000000000000e+02 3.170000000000000000e+02
2.555000000000000000e+02 2.605000000000000000e+02
2.935000000000000000e+02 1.880000000000000000e+02
2.345000000000000000e+02 1.385000000000000000e+02
2.930000000000000000e+02 4.810000000000000000e+02
2.415000000000000000e+02 5.450000000000000000e+02
2.925000000000000000e+02 4.810000000000000000e+02
3.250000000000000000e+02 1.075000000000000000e+02
2.610000000000000000e+02 3.395000000000000000e+02
2.935000000000000000e+02 1.885000000000000000e+02
2.935000000000000000e+02 2.390000000000000000e+02
1.875000000000000000e+02 2.950000000000000000e+02
2.860000000000000000e+02 3.105000000000000000e+02
3.270000000000000000e+02 3.365000000000000000e+02
2.940000000000000000e+02 1.885000000000000000e+02
2.145000000000000000e+02 4.005000000000000000e+02
1.695000000000000000e+02 3.980000000000000000e+02
2.965000000000000000e+02 4.170000000000000000e+02
2.560000000000000000e+02 2.610000000000000000e+02
3.145000000000000000e+02 6.250000000000000000e+01
2.110000000000000000e+02 3.520000000000000000e+02
1.725000000000000000e+02 4.005000000000000000e+02
2.780000000000000000e+02 5.395000000000000000e+02
2.500000000000000000e+02 3.995000000000000000e+02
2.485000000000000000e+02 3.405000000000000000e+02
1.890000000000000000e+02 2.960000000000000000e+02
3.280000000000000000e+02 3.345000000000000000e+02
2.125000000000000000e+02 4.020000000000000000e+02
2.540000000000000000e+02 3.455000000000000000e+02
2.805000000000000000e+02 3.540000000000000000e+02
2.525000000000000000e+02 4.000000000000000000e+02
2.485000000000000000e+02 3.970000000000000000e+02
2.810000000000000000e+02 1.800000000000000000e+02
1.790000000000000000e+02 5.595000000000000000e+02
3.125000000000000000e+02 6.150000000000000000e+01
2.250000000000000000e+02 4.600000000000000000e+02
2.435000000000000000e+02 1.435000000000000000e+02
3.300000000000000000e+02 1.775000000000000000e+02
2.480000000000000000e+02 3.410000000000000000e+02
2.155000000000000000e+02 4.175000000000000000e+02
1.960000000000000000e+02 1.305000000000000000e+02
1.690000000000000000e+02 3.960000000000000000e+02
3.430000000000000000e+02 2.155000000000000000e+02
2.810000000000000000e+02 1.920000000000000000e+02
1.950000000000000000e+02 5.225000000000000000e+02
2.800000000000000000e+02 1.150000000000000000e+02
3.010000000000000000e+02 4.125000000000000000e+02
1.310000000000000000e+02 2.895000000000000000e+02
1.700000000000000000e+02 3.550000000000000000e+02
1.595000000000000000e+02 2.540000000000000000e+02
2.170000000000000000e+02 3.925000000000000000e+02
2.415000000000000000e+02 5.455000000000000000e+02
2.290000000000000000e+02 5.720000000000000000e+02
3.445000000000000000e+02 4.470000000000000000e+02
1.850000000000000000e+02 5.605000000000000000e+02
3.345000000000000000e+02 2.360000000000000000e+02
2.550000000000000000e+02 3.465000000000000000e+02
2.810000000000000000e+02 3.540000000000000000e+02
2.410000000000000000e+02 1.070000000000000000e+02
2.910000000000000000e+02 1.875000000000000000e+02
2.525000000000000000e+02 3.440000000000000000e+02
3.285000000000000000e+02 1.115000000000000000e+02
1.925000000000000000e+02 2.970000000000000000e+02
2.280000000000000000e+02 1.110000000000000000e+02
2.965000000000000000e+02 4.165000000000000000e+02
1.560000000000000000e+02 3.700000000000000000e+02
1.960000000000000000e+02 5.230000000000000000e+02
2.450000000000000000e+02 3.950000000000000000e+02
2.800000000000000000e+02 3.135000000000000000e+02
2.300000000000000000e+02 4.245000000000000000e+02
2.805000000000000000e+02 2.565000000000000000e+02
2.320000000000000000e+02 5.735000000000000000e+02
2.275000000000000000e+02 1.105000000000000000e+02
2.940000000000000000e+02 7.150000000000000000e+01
2.395000000000000000e+02 7.700000000000000000e+01
2.905000000000000000e+02 3.485000000000000000e+02
2.340000000000000000e+02 5.755000000000000000e+02
3.435000000000000000e+02 3.285000000000000000e+02
1.610000000000000000e+02 3.075000000000000000e+02
2.805000000000000000e+02 1.920000000000000000e+02
2.445000000000000000e+02 3.945000000000000000e+02
2.990000000000000000e+02 4.730000000000000000e+02
2.930000000000000000e+02 1.885000000000000000e+02
1.980000000000000000e+02 3.925000000000000000e+02
2.110000000000000000e+02 4.020000000000000000e+02
1.845000000000000000e+02 5.605000000000000000e+02
3.085000000000000000e+02 6.100000000000000000e+01
2.930000000000000000e+02 5.325000000000000000e+02
2.910000000000000000e+02 3.480000000000000000e+02
3.430000000000000000e+02 3.290000000000000000e+02
2.815000000000000000e+02 7.750000000000000000e+01
2.930000000000000000e+02 3.470000000000000000e+02
2.560000000000000000e+02 3.940000000000000000e+02
2.870000000000000000e+02 3.075000000000000000e+02
2.195000000000000000e+02 1.900000000000000000e+02
2.065000000000000000e+02 3.965000000000000000e+02
2.995000000000000000e+02 4.730000000000000000e+02
1.945000000000000000e+02 2.990000000000000000e+02
1.900000000000000000e+02 1.525000000000000000e+02
3.430000000000000000e+02 5.585000000000000000e+02
3.170000000000000000e+02 6.000000000000000000e+01
2.940000000000000000e+02 3.475000000000000000e+02
2.170000000000000000e+02 3.615000000000000000e+02
2.805000000000000000e+02 3.135000000000000000e+02
2.145000000000000000e+02 3.535000000000000000e+02
2.280000000000000000e+02 4.590000000000000000e+02
3.335000000000000000e+02 2.355000000000000000e+02
3.305000000000000000e+02 1.785000000000000000e+02
2.475000000000000000e+02 3.415000000000000000e+02
2.445000000000000000e+02 3.950000000000000000e+02
2.925000000000000000e+02 5.325000000000000000e+02
2.530000000000000000e+02 3.440000000000000000e+02
3.450000000000000000e+02 2.120000000000000000e+02
2.040000000000000000e+02 3.960000000000000000e+02
2.925000000000000000e+02 2.385000000000000000e+02
3.035000000000000000e+02 6.300000000000000000e+01
1.770000000000000000e+02 9.550000000000000000e+01
2.350000000000000000e+02 5.145000000000000000e+02
2.970000000000000000e+02 4.160000000000000000e+02
2.795000000000000000e+02 1.150000000000000000e+02
1.905000000000000000e+02 5.005000000000000000e+02
1.315000000000000000e+02 2.900000000000000000e+02
3.305000000000000000e+02 1.110000000000000000e+02
1.775000000000000000e+02 9.050000000000000000e+01
2.920000000000000000e+02 4.815000000000000000e+02
1.535000000000000000e+02 3.725000000000000000e+02
3.430000000000000000e+02 5.590000000000000000e+02
2.975000000000000000e+02 4.750000000000000000e+02
2.805000000000000000e+02 3.045000000000000000e+02
2.945000000000000000e+02 3.475000000000000000e+02
2.190000000000000000e+02 4.655000000000000000e+02
3.430000000000000000e+02 5.580000000000000000e+02
2.440000000000000000e+02 5.340000000000000000e+02
3.270000000000000000e+02 1.745000000000000000e+02
2.155000000000000000e+02 2.375000000000000000e+02
2.545000000000000000e+02 3.985000000000000000e+02
1.785000000000000000e+02 5.525000000000000000e+02
3.305000000000000000e+02 1.780000000000000000e+02
2.935000000000000000e+02 3.475000000000000000e+02
2.800000000000000000e+02 3.045000000000000000e+02
2.070000000000000000e+02 3.965000000000000000e+02
3.450000000000000000e+02 3.305000000000000000e+02
2.880000000000000000e+02 3.080000000000000000e+02
2.805000000000000000e+02 2.350000000000000000e+02
2.280000000000000000e+02 5.405000000000000000e+02
2.150000000000000000e+02 4.650000000000000000e+02
2.805000000000000000e+02 1.155000000000000000e+02
2.810000000000000000e+02 1.155000000000000000e+02
2.570000000000000000e+02 3.470000000000000000e+02
2.105000000000000000e+02 1.290000000000000000e+02
1.590000000000000000e+02 3.075000000000000000e+02
3.445000000000000000e+02 5.635000000000000000e+02
3.040000000000000000e+02 6.250000000000000000e+01
2.880000000000000000e+02 3.085000000000000000e+02
2.935000000000000000e+02 7.150000000000000000e+01
2.860000000000000000e+02 4.200000000000000000e+02
2.805000000000000000e+02 3.415000000000000000e+02
1.795000000000000000e+02 8.850000000000000000e+01
3.280000000000000000e+02 3.225000000000000000e+02
2.295000000000000000e+02 7.900000000000000000e+01
2.875000000000000000e+02 4.035000000000000000e+02
1.900000000000000000e+02 2.655000000000000000e+02
2.260000000000000000e+02 1.075000000000000000e+02
2.875000000000000000e+02 3.080000000000000000e+02
2.915000000000000000e+02 7.100000000000000000e+01
2.975000000000000000e+02 4.745000000000000000e+02
3.280000000000000000e+02 3.230000000000000000e+02
2.485000000000000000e+02 3.410000000000000000e+02
2.505000000000000000e+02 3.425000000000000000e+02
2.800000000000000000e+02 3.415000000000000000e+02
2.985000000000000000e+02 4.730000000000000000e+02
3.305000000000000000e+02 1.115000000000000000e+02
3.320000000000000000e+02 3.270000000000000000e+02
3.445000000000000000e+02 5.640000000000000000e+02
2.160000000000000000e+02 1.900000000000000000e+02
2.270000000000000000e+02 5.685000000000000000e+02
3.275000000000000000e+02 1.745000000000000000e+02
2.115000000000000000e+02 5.255000000000000000e+02
2.505000000000000000e+02 3.115000000000000000e+02
3.440000000000000000e+02 4.470000000000000000e+02
2.810000000000000000e+02 2.355000000000000000e+02
2.345000000000000000e+02 7.600000000000000000e+01
2.910000000000000000e+02 2.400000000000000000e+02
3.290000000000000000e+02 1.115000000000000000e+02
